date,open,high,low,close,average,volume,count
1641394800,23.67,23.67,23.66,23.67,23.669,9,5
1641394801,23.67,23.67,23.66,23.67,23.664,15,4
1641394802,23.67,23.67,23.66,23.67,23.661,166,5
1641394803,23.67,23.67,23.66,23.67,23.669,396,86
1641394804,23.67,23.67,23.66,23.67,23.667,15,9
1641394805,23.66,23.67,23.66,23.66,23.664,63,13
1641394806,23.65,23.66,23.65,23.66,23.653,35,11
1641394807,23.66,23.66,23.65,23.66,23.652,104,20
1641394808,23.66,23.66,23.65,23.66,23.652,63,3
1641394809,23.66,23.66,23.65,23.66,23.656,32,8
1641394810,23.66,23.66,23.65,23.66,23.654,54,31
1641394811,23.65,23.66,23.65,23.65,23.654,8,7
1641394812,23.66,23.67,23.66,23.67,23.663,149,37
1641394813,23.68,23.68,23.67,23.67,23.671,90,28
1641394814,23.67,23.69,23.67,23.69,23.683,236,41
1641394815,23.69,23.7,23.68,23.68,23.692,380,60
1641394816,23.69,23.7,23.68,23.7,23.694,84,23
1641394817,23.7,23.7,23.69,23.7,23.698,37,8
1641394818,23.7,23.71,23.69,23.69,23.703,607,113
1641394819,23.7,23.7,23.69,23.7,23.699,6,3
1641394820,23.7,23.71,23.69,23.71,23.696,182,38
1641394821,23.71,23.71,23.7,23.71,23.705,20,2
1641394822,23.71,23.71,23.69,23.7,23.702,94,24
1641394823,23.7,23.7,23.69,23.69,23.698,22,8
1641394824,23.7,23.7,23.69,23.7,23.691,50,7
1641394825,23.69,23.7,23.69,23.69,23.694,12,4
1641394826,23.69,23.7,23.69,23.69,23.691,46,19
1641394827,23.69,23.7,23.69,23.69,23.693,26,8
1641394828,23.7,23.7,23.69,23.7,23.696,36,6
1641394829,23.7,23.7,23.69,23.7,23.694,5,3
1641394830,23.69,23.69,23.68,23.69,23.687,52,24
1641394831,23.69,23.69,23.68,23.69,23.687,137,50
1641394832,23.68,23.7,23.68,23.7,23.691,48,13
1641394833,23.69,23.7,23.69,23.69,23.69,86,11
1641394834,23.69,23.7,23.69,23.7,23.693,12,7
1641394835,23.7,23.71,23.69,23.7,23.7,250,31
1641394836,23.7,23.72,23.7,23.71,23.709,166,46
1641394837,23.71,23.71,23.7,23.71,23.708,16,3
1641394838,23.71,23.71,23.69,23.7,23.7,148,29
1641394839,23.7,23.7,23.69,23.7,23.698,3,3
1641394840,23.7,23.7,23.69,23.7,23.699,14,3
1641394841,23.7,23.7,23.69,23.7,23.698,3,3
1641394842,23.7,23.7,23.69,23.7,23.698,9,4
1641394843,23.7,23.71,23.69,23.7,23.7,116,19
1641394844,23.7,23.7,23.69,23.7,23.7,22,7
1641394845,23.69,23.7,23.69,23.7,23.698,31,16
1641394846,23.71,23.71,23.7,23.71,23.706,66,15
1641394847,23.71,23.71,23.7,23.7,23.707,284,24
1641394848,23.7,23.7,23.69,23.69,23.698,51,15
1641394849,23.7,23.7,23.69,23.7,23.691,64,8
1641394850,23.7,23.7,23.68,23.69,23.689,138,26
1641394851,23.69,23.69,23.68,23.69,23.688,10,1
1641394852,23.69,23.69,23.68,23.68,23.686,9,3
1641394853,23.69,23.69,23.68,23.69,23.69,62,4
1641394854,23.69,23.69,23.68,23.68,23.681,34,8
1641394855,23.69,23.69,23.69,23.69,23.69,1,1
1641394856,23.69,23.7,23.68,23.68,23.693,190,43
1641394857,23.69,23.69,23.68,23.69,23.69,23,9
1641394858,23.69,23.69,23.68,23.68,23.682,46,8
1641394859,23.69,23.69,23.68,23.69,23.688,2,2
1641394860,23.69,23.69,23.67,23.68,23.681,63,25
1641394861,23.68,23.68,23.67,23.68,23.679,7,7
1641394862,23.68,23.7,23.67,23.68,23.686,221,75
1641394863,23.69,23.7,23.69,23.69,23.692,16,15
1641394864,23.68,23.68,23.67,23.67,23.672,62,6
1641394865,23.68,23.68,23.67,23.68,23.68,21,2
1641394866,23.68,23.68,23.66,23.67,23.67,205,46
1641394867,23.67,23.67,23.66,23.67,23.664,102,28
1641394868,23.67,23.68,23.66,23.66,23.669,166,54
1641394869,23.67,23.68,23.66,23.67,23.67,135,26
1641394870,23.67,23.67,23.66,23.67,23.663,93,7
1641394871,23.66,23.67,23.65,23.65,23.657,160,39
1641394872,23.66,23.66,23.65,23.66,23.657,41,20
1641394873,23.66,23.67,23.65,23.66,23.662,109,41
1641394874,23.67,23.67,23.66,23.67,23.666,18,5
1641394875,23.67,23.68,23.67,23.68,23.672,89,29
1641394876,23.67,23.68,23.67,23.67,23.677,37,4
1641394877,23.68,23.69,23.67,23.68,23.679,186,57
1641394878,23.69,23.69,23.68,23.68,23.681,133,43
1641394879,23.69,23.69,23.68,23.68,23.682,3,3
1641394880,23.68,23.69,23.66,23.67,23.674,351,139
1641394881,23.67,23.68,23.67,23.67,23.672,16,7
1641394882,23.68,23.69,23.67,23.68,23.68,503,107
1641394883,23.68,23.69,23.68,23.69,23.689,48,11
1641394884,23.68,23.69,23.68,23.68,23.68,47,23
1641394885,23.69,23.69,23.68,23.68,23.682,52,6
1641394886,23.68,23.68,23.67,23.67,23.674,34,12
1641394887,23.67,23.68,23.67,23.68,23.674,8,4
1641394888,23.68,23.68,23.67,23.68,23.67,177,59
1641394889,23.68,23.69,23.67,23.68,23.683,700,99
1641394890,23.68,23.68,23.67,23.67,23.676,9,4
1641394891,23.67,23.68,23.66,23.66,23.668,60,22
1641394892,23.67,23.67,23.66,23.66,23.663,51,9
1641394893,23.66,23.67,23.66,23.66,23.662,28,4
1641394894,23.66,23.67,23.64,23.65,23.651,172,49
1641394895,23.65,23.66,23.64,23.65,23.649,83,18
1641394896,23.65,23.66,23.65,23.65,23.653,62,13
1641394897,23.66,23.67,23.65,23.67,23.66,275,71
1641394898,23.67,23.67,23.65,23.65,23.664,208,54
1641394899,23.66,23.66,23.65,23.65,23.652,104,13
1641394900,23.65,23.66,23.64,23.64,23.647,122,14
1641394901,23.64,23.65,23.64,23.65,23.646,79,24
1641394902,23.64,23.65,23.63,23.64,23.643,168,30
1641394903,23.64,23.64,23.63,23.64,23.638,72,26
1641394904,23.64,23.64,23.63,23.63,23.633,83,11
1641394905,23.64,23.64,23.63,23.64,23.635,157,35
1641394906,23.64,23.64,23.63,23.64,23.635,16,11
1641394907,23.63,23.64,23.63,23.64,23.632,42,13
1641394908,23.64,23.64,23.63,23.64,23.635,9,2
1641394909,23.64,23.64,23.63,23.63,23.633,101,13
1641394910,23.64,23.64,23.62,23.62,23.63,181,46
1641394911,23.62,23.63,23.62,23.62,23.622,70,10
1641394912,23.62,23.62,23.61,23.62,23.616,208,25
1641394913,23.62,23.62,23.61,23.62,23.618,68,8
1641394914,23.62,23.62,23.61,23.62,23.616,104,8
1641394915,23.61,23.62,23.61,23.62,23.614,43,26
1641394916,23.62,23.62,23.61,23.62,23.615,26,14
1641394917,23.62,23.62,23.6,23.61,23.61,63,38
1641394918,23.6,23.61,23.58,23.58,23.593,1348,115
1641394919,23.59,23.6,23.58,23.59,23.591,311,35
1641394920,23.59,23.6,23.59,23.6,23.595,49,32
1641394921,23.59,23.6,23.59,23.59,23.596,31,11
1641394922,23.6,23.6,23.59,23.6,23.597,21,7
1641394923,23.6,23.61,23.59,23.61,23.602,203,70
1641394924,23.61,23.61,23.6,23.61,23.603,67,19
1641394925,23.61,23.61,23.6,23.6,23.604,90,25
1641394926,23.6,23.61,23.6,23.6,23.6,23,2
1641394927,23.61,23.61,23.6,23.6,23.6,47,14
1641394928,23.6,23.6,23.59,23.6,23.594,107,13
1641394929,23.59,23.6,23.58,23.59,23.59,23,7
1641394930,23.59,23.59,23.58,23.59,23.587,63,24
1641394931,23.58,23.6,23.58,23.6,23.59,133,42
1641394932,23.6,23.6,23.59,23.59,23.596,48,7
1641394933,23.6,23.6,23.59,23.59,23.593,78,10
1641394934,23.59,23.6,23.59,23.6,23.591,16,6
1641394935,23.6,23.6,23.59,23.59,23.595,5,4
1641394936,23.59,23.6,23.59,23.6,23.595,48,12
1641394937,23.6,23.6,23.59,23.6,23.594,15,8
1641394938,23.6,23.6,23.59,23.59,23.592,21,4
1641394939,23.59,23.6,23.59,23.6,23.595,21,5
1641394940,23.6,23.6,23.59,23.59,23.593,116,4
1641394941,23.6,23.6,23.59,23.6,23.596,15,3
1641394942,23.6,23.6,23.59,23.6,23.6,0,0
1641394943,23.59,23.6,23.59,23.59,23.593,34,8
1641394944,23.6,23.6,23.59,23.6,23.593,34,5
1641394945,23.6,23.6,23.59,23.59,23.596,334,33
1641394946,23.59,23.6,23.59,23.6,23.594,6,6
1641394947,23.59,23.6,23.59,23.6,23.592,9,4
1641394948,23.6,23.6,23.59,23.6,23.591,103,11
1641394949,23.6,23.6,23.59,23.59,23.594,25,5
1641394950,23.6,23.6,23.59,23.6,23.596,25,5
1641394951,23.6,23.62,23.59,23.61,23.603,434,74
1641394952,23.61,23.63,23.6,23.62,23.616,453,123
1641394953,23.62,23.63,23.62,23.63,23.624,29,9
1641394954,23.63,23.63,23.62,23.62,23.627,87,7
1641394955,23.62,23.63,23.61,23.63,23.622,99,26
1641394956,23.63,23.63,23.62,23.62,23.626,10,7
1641394957,23.62,23.63,23.62,23.63,23.629,160,4
1641394958,23.63,23.63,23.62,23.63,23.624,102,10
1641394959,23.62,23.63,23.61,23.62,23.622,121,41
1641394960,23.62,23.63,23.61,23.63,23.622,27,13
1641394961,23.63,23.63,23.62,23.63,23.625,7,2
1641394962,23.63,23.63,23.62,23.63,23.629,158,32
1641394963,23.62,23.63,23.62,23.63,23.621,7,4
1641394964,23.62,23.63,23.61,23.62,23.617,48,10
1641394965,23.62,23.62,23.61,23.62,23.615,6,3
1641394966,23.61,23.62,23.61,23.62,23.615,64,6
1641394967,23.61,23.62,23.61,23.61,23.611,22,14
1641394968,23.61,23.62,23.6,23.61,23.609,52,12
1641394969,23.61,23.61,23.6,23.61,23.606,7,3
1641394970,23.6,23.61,23.6,23.61,23.601,39,9
1641394971,23.6,23.61,23.6,23.6,23.6,30,9
1641394972,23.6,23.6,23.6,23.6,23.6,1,1
1641394973,23.61,23.61,23.6,23.61,23.601,19,4
1641394974,23.61,23.61,23.6,23.61,23.605,5,2
1641394975,23.61,23.61,23.6,23.6,23.604,50,9
1641394976,23.61,23.61,23.6,23.61,23.609,58,11
1641394977,23.61,23.61,23.6,23.6,23.601,49,14
1641394978,23.6,23.61,23.6,23.61,23.605,119,7
1641394979,23.6,23.61,23.6,23.61,23.604,86,9
1641394980,23.6,23.61,23.6,23.61,23.607,53,6
1641394981,23.61,23.61,23.59,23.6,23.6,72,20
1641394982,23.6,23.6,23.59,23.59,23.593,67,9
1641394983,23.6,23.6,23.59,23.6,23.597,24,14
1641394984,23.6,23.6,23.59,23.59,23.594,123,15
1641394985,23.6,23.6,23.57,23.58,23.58,305,100
1641394986,23.58,23.58,23.56,23.58,23.572,560,105
1641394987,23.57,23.58,23.56,23.57,23.571,303,69
1641394988,23.57,23.58,23.55,23.55,23.561,423,84
1641394989,23.55,23.56,23.55,23.56,23.554,200,56
1641394990,23.56,23.56,23.55,23.56,23.557,48,10
1641394991,23.55,23.56,23.54,23.55,23.55,923,132
1641394992,23.54,23.54,23.53,23.53,23.531,1755,132
1641394993,23.53,23.54,23.53,23.54,23.534,25,5
1641394994,23.54,23.54,23.53,23.54,23.537,331,61
1641394995,23.54,23.56,23.54,23.55,23.548,207,42
1641394996,23.55,23.56,23.55,23.56,23.557,56,10
1641394997,23.55,23.56,23.54,23.55,23.55,129,43
1641394998,23.55,23.56,23.55,23.56,23.553,57,14
1641394999,23.55,23.56,23.55,23.55,23.559,123,12
1641395000,23.55,23.56,23.54,23.54,23.553,88,17
1641395001,23.54,23.55,23.54,23.54,23.547,50,9
1641395002,23.54,23.54,23.52,23.53,23.53,101,28
1641395003,23.52,23.53,23.52,23.53,23.52,107,29
1641395004,23.52,23.53,23.51,23.53,23.52,210,60
1641395005,23.53,23.53,23.51,23.51,23.515,304,74
1641395006,23.51,23.52,23.51,23.52,23.517,80,24
1641395007,23.51,23.53,23.51,23.53,23.52,221,45
1641395008,23.53,23.55,23.52,23.54,23.534,449,89
1641395009,23.53,23.53,23.52,23.52,23.525,67,7
1641395010,23.52,23.53,23.52,23.52,23.523,102,12
1641395011,23.52,23.53,23.52,23.53,23.527,54,6
1641395012,23.52,23.53,23.52,23.52,23.523,4,3
1641395013,23.53,23.53,23.52,23.53,23.527,40,7
1641395014,23.52,23.53,23.52,23.52,23.522,63,6
1641395015,23.53,23.53,23.52,23.52,23.52,210,49
1641395016,23.52,23.53,23.51,23.52,23.521,77,16
1641395017,23.52,23.52,23.51,23.52,23.512,199,18
1641395018,23.52,23.52,23.51,23.52,23.518,31,5
1641395019,23.51,23.52,23.47,23.49,23.498,6018,652
1641395020,23.49,23.52,23.49,23.51,23.502,436,101
1641395021,23.51,23.52,23.51,23.52,23.515,65,30
1641395022,23.52,23.54,23.51,23.54,23.526,505,101
1641395023,23.55,23.56,23.54,23.55,23.549,360,51
1641395024,23.55,23.56,23.54,23.55,23.546,167,49
1641395025,23.54,23.55,23.54,23.55,23.545,53,10
1641395026,23.55,23.55,23.54,23.55,23.549,327,88
1641395027,23.55,23.56,23.54,23.55,23.551,513,56
1641395028,23.55,23.56,23.55,23.55,23.553,50,8
1641395029,23.55,23.56,23.54,23.55,23.55,191,34
1641395030,23.55,23.55,23.54,23.54,23.543,91,32
1641395031,23.54,23.54,23.53,23.54,23.535,102,17
1641395032,23.54,23.54,23.53,23.54,23.535,30,18
1641395033,23.54,23.54,23.53,23.53,23.533,68,17
1641395034,23.53,23.54,23.53,23.53,23.535,142,20
1641395035,23.54,23.54,23.53,23.53,23.535,13,3
1641395036,23.54,23.54,23.52,23.52,23.527,175,62
1641395037,23.52,23.53,23.52,23.53,23.526,31,8
1641395038,23.52,23.53,23.52,23.53,23.528,74,13
1641395039,23.53,23.54,23.53,23.54,23.537,153,31
1641395040,23.53,23.55,23.53,23.54,23.538,153,36
1641395041,23.54,23.54,23.53,23.54,23.535,31,6
1641395042,23.54,23.55,23.54,23.54,23.54,225,24
1641395043,23.55,23.56,23.54,23.56,23.549,158,35
1641395044,23.55,23.56,23.55,23.55,23.552,177,13
1641395045,23.55,23.56,23.54,23.55,23.547,202,25
1641395046,23.55,23.55,23.54,23.54,23.546,136,21
1641395047,23.54,23.55,23.53,23.54,23.539,475,60
1641395048,23.53,23.54,23.53,23.54,23.539,42,18
1641395049,23.54,23.55,23.53,23.55,23.543,144,54
1641395050,23.55,23.55,23.53,23.55,23.543,46,10
1641395051,23.55,23.55,23.54,23.55,23.545,10,7
1641395052,23.55,23.55,23.54,23.54,23.543,77,26
1641395053,23.54,23.57,23.54,23.57,23.553,231,54
1641395054,23.57,23.57,23.56,23.57,23.565,108,24
1641395055,23.57,23.58,23.56,23.58,23.571,170,42
1641395056,23.58,23.58,23.56,23.58,23.572,34,17
1641395057,23.57,23.58,23.56,23.57,23.571,150,41
1641395058,23.57,23.58,23.56,23.57,23.571,90,12
1641395059,23.57,23.58,23.57,23.57,23.578,74,10
1641395060,23.58,23.58,23.57,23.58,23.574,23,10
1641395061,23.58,23.58,23.57,23.58,23.573,110,20
1641395062,23.56,23.57,23.56,23.57,23.562,30,10
1641395063,23.56,23.57,23.55,23.56,23.564,115,19
1641395064,23.57,23.57,23.56,23.56,23.561,88,18
1641395065,23.57,23.57,23.56,23.57,23.563,30,16
1641395066,23.57,23.57,23.56,23.56,23.566,61,5
1641395067,23.55,23.56,23.55,23.55,23.553,16,6
1641395068,23.55,23.57,23.55,23.56,23.555,225,36
1641395069,23.56,23.57,23.56,23.56,23.561,26,5
1641395070,23.56,23.57,23.56,23.57,23.566,57,7
1641395071,23.57,23.57,23.55,23.56,23.552,194,38
1641395072,23.56,23.56,23.55,23.55,23.552,102,27
1641395073,23.55,23.56,23.55,23.55,23.551,36,5
1641395074,23.55,23.56,23.55,23.55,23.556,60,15
1641395075,23.55,23.56,23.54,23.55,23.55,114,20
1641395076,23.54,23.55,23.54,23.54,23.542,40,5
1641395077,23.55,23.55,23.54,23.55,23.545,8,5
1641395078,23.55,23.55,23.54,23.55,23.545,19,2
1641395079,23.55,23.55,23.54,23.55,23.543,228,9
1641395080,23.55,23.56,23.54,23.55,23.551,146,34
1641395081,23.55,23.56,23.55,23.56,23.558,27,14
1641395082,23.55,23.57,23.55,23.56,23.559,139,28
1641395083,23.57,23.57,23.55,23.56,23.561,183,54
1641395084,23.56,23.57,23.56,23.57,23.562,70,19
1641395085,23.57,23.57,23.56,23.56,23.564,20,10
1641395086,23.56,23.57,23.55,23.55,23.558,84,9
1641395087,23.55,23.56,23.55,23.56,23.551,16,2
1641395088,23.55,23.56,23.54,23.55,23.547,65,23
1641395089,23.55,23.55,23.54,23.54,23.545,5,3
1641395090,23.55,23.55,23.54,23.55,23.545,8,3
1641395091,23.55,23.55,23.54,23.54,23.541,25,5
1641395092,23.55,23.55,23.54,23.54,23.543,12,3
1641395093,23.55,23.55,23.54,23.55,23.545,22,7
1641395094,23.54,23.54,23.54,23.54,23.54,39,7
1641395095,23.54,23.54,23.53,23.53,23.532,32,5
1641395096,23.53,23.54,23.53,23.53,23.536,202,20
1641395097,23.53,23.54,23.52,23.53,23.531,123,38
1641395098,23.53,23.53,23.52,23.53,23.523,20,9
1641395099,23.52,23.53,23.51,23.52,23.516,231,44
1641395100,23.52,23.52,23.51,23.51,23.515,155,33
1641395101,23.51,23.52,23.51,23.52,23.516,9,4
1641395102,23.52,23.53,23.51,23.52,23.52,172,44
1641395103,23.52,23.53,23.52,23.53,23.527,128,24
1641395104,23.52,23.53,23.52,23.53,23.527,43,18
1641395105,23.52,23.53,23.52,23.53,23.53,57,20
1641395106,23.53,23.53,23.52,23.53,23.528,22,3
1641395107,23.53,23.53,23.52,23.52,23.522,67,21
1641395108,23.52,23.53,23.52,23.53,23.528,39,4
1641395109,23.52,23.55,23.52,23.53,23.543,666,101
1641395110,23.55,23.56,23.55,23.55,23.552,87,21
1641395111,23.55,23.55,23.54,23.55,23.547,14,4
1641395112,23.55,23.55,23.54,23.54,23.544,55,21
1641395113,23.54,23.54,23.53,23.54,23.538,35,17
1641395114,23.54,23.55,23.54,23.54,23.54,124,7
1641395115,23.53,23.54,23.53,23.53,23.53,2,2
1641395116,23.53,23.54,23.53,23.54,23.535,58,3
1641395117,23.53,23.54,23.53,23.53,23.536,42,6
1641395118,23.53,23.53,23.52,23.53,23.53,38,9
1641395119,23.53,23.53,23.52,23.53,23.523,28,7
1641395120,23.52,23.53,23.52,23.52,23.522,14,4
1641395121,23.53,23.53,23.51,23.52,23.521,182,45
1641395122,23.52,23.52,23.51,23.51,23.511,547,151
1641395123,23.51,23.52,23.51,23.52,23.517,563,28
1641395124,23.51,23.52,23.51,23.52,23.511,244,18
1641395125,23.52,23.52,23.51,23.51,23.515,46,6
1641395126,23.51,23.52,23.51,23.52,23.513,18,5
1641395127,23.52,23.52,23.51,23.51,23.511,37,10
1641395128,23.51,23.52,23.51,23.51,23.511,28,8
1641395129,23.51,23.52,23.51,23.51,23.514,8,5
1641395130,23.51,23.52,23.51,23.51,23.514,25,2
1641395131,23.51,23.52,23.51,23.51,23.51,22,6
1641395132,23.51,23.52,23.51,23.51,23.51,5,4
1641395133,23.52,23.52,23.51,23.51,23.514,10,4
1641395134,23.51,23.52,23.51,23.52,23.514,48,5
1641395135,23.51,23.52,23.51,23.51,23.51,1,1
1641395136,23.51,23.52,23.5,23.51,23.504,215,64
1641395137,23.51,23.51,23.5,23.51,23.507,17,13
1641395138,23.51,23.51,23.5,23.51,23.503,36,5
1641395139,23.51,23.51,23.5,23.5,23.502,12,5
1641395140,23.5,23.51,23.49,23.5,23.5,606,124
1641395141,23.51,23.51,23.5,23.51,23.506,29,7
1641395142,23.51,23.51,23.5,23.51,23.508,29,5
1641395143,23.51,23.51,23.5,23.5,23.504,122,14
1641395144,23.51,23.52,23.5,23.52,23.509,540,92
1641395145,23.51,23.52,23.51,23.51,23.512,18,8
1641395146,23.52,23.52,23.51,23.51,23.517,11,2
1641395147,23.51,23.53,23.51,23.53,23.52,157,49
1641395148,23.53,23.53,23.52,23.53,23.528,105,20
1641395149,23.53,23.53,23.52,23.53,23.526,109,10
1641395150,23.53,23.53,23.52,23.53,23.525,110,26
1641395151,23.53,23.53,23.52,23.53,23.525,15,4
1641395152,23.53,23.53,23.52,23.53,23.529,61,20
1641395153,23.53,23.54,23.53,23.54,23.532,21,9
1641395154,23.53,23.54,23.53,23.54,23.533,63,14
1641395155,23.54,23.54,23.53,23.53,23.531,56,13
1641395156,23.53,23.54,23.53,23.53,23.538,13,4
1641395157,23.53,23.53,23.53,23.53,23.53,10,4
1641395158,23.53,23.54,23.53,23.53,23.532,21,5
1641395159,23.53,23.54,23.52,23.53,23.527,122,26
1641395160,23.52,23.53,23.52,23.53,23.521,9,7
1641395161,23.52,23.53,23.52,23.52,23.525,25,8
1641395162,23.53,23.54,23.52,23.53,23.53,286,43
1641395163,23.53,23.54,23.52,23.52,23.523,128,17
1641395164,23.52,23.53,23.52,23.53,23.522,26,15
1641395165,23.53,23.53,23.52,23.52,23.523,15,6
1641395166,23.53,23.53,23.52,23.52,23.523,14,5
1641395167,23.53,23.53,23.52,23.52,23.521,57,13
1641395168,23.52,23.53,23.52,23.52,23.52,54,12
1641395169,23.52,23.54,23.52,23.53,23.53,196,60
1641395170,23.53,23.55,23.53,23.55,23.538,213,56
1641395171,23.55,23.57,23.54,23.57,23.552,772,71
1641395172,23.57,23.57,23.56,23.56,23.564,44,18
1641395173,23.56,23.57,23.56,23.57,23.567,174,15
1641395174,23.57,23.57,23.56,23.56,23.565,84,10
1641395175,23.56,23.57,23.56,23.57,23.562,48,6
1641395176,23.57,23.57,23.55,23.55,23.564,103,20
1641395177,23.56,23.56,23.55,23.56,23.556,74,8
1641395178,23.56,23.56,23.55,23.55,23.558,172,44
1641395179,23.56,23.56,23.55,23.55,23.553,52,14
1641395180,23.55,23.56,23.55,23.55,23.557,3,3
1641395181,23.56,23.57,23.55,23.57,23.56,129,35
1641395182,23.57,23.57,23.56,23.57,23.565,51,9
1641395183,23.57,23.58,23.56,23.58,23.572,273,43
1641395184,23.58,23.58,23.57,23.57,23.571,63,8
1641395185,23.57,23.58,23.56,23.57,23.57,91,17
1641395186,23.57,23.57,23.56,23.56,23.568,19,4
1641395187,23.57,23.57,23.56,23.57,23.565,7,1
1641395188,23.57,23.58,23.55,23.55,23.565,191,43
1641395189,23.56,23.56,23.55,23.56,23.556,49,6
1641395190,23.56,23.56,23.55,23.56,23.555,93,3
1641395191,23.55,23.56,23.55,23.55,23.554,56,16
1641395192,23.55,23.56,23.55,23.55,23.553,122,24
1641395193,23.55,23.56,23.55,23.56,23.556,53,6
1641395194,23.55,23.56,23.55,23.55,23.555,2,1
1641395195,23.55,23.56,23.55,23.55,23.552,42,4
1641395196,23.55,23.56,23.55,23.55,23.553,50,20
1641395197,23.56,23.56,23.55,23.56,23.556,57,8
1641395198,23.55,23.56,23.55,23.56,23.558,7,6
1641395199,23.56,23.56,23.55,23.55,23.555,15,6
1641395200,23.56,23.56,23.55,23.56,23.553,42,5
1641395201,23.55,23.56,23.55,23.56,23.56,156,3
1641395202,23.55,23.56,23.55,23.56,23.555,25,7
1641395203,23.56,23.56,23.55,23.55,23.555,31,9
1641395204,23.56,23.56,23.55,23.55,23.552,58,3
1641395205,23.55,23.56,23.54,23.55,23.549,150,40
1641395206,23.55,23.55,23.54,23.55,23.55,0,0
1641395207,23.55,23.55,23.54,23.54,23.549,107,3
1641395208,23.55,23.55,23.54,23.55,23.546,31,10
1641395209,23.55,23.56,23.54,23.56,23.552,233,50
1641395210,23.56,23.57,23.55,23.57,23.563,79,28
1641395211,23.57,23.58,23.56,23.57,23.57,151,23
1641395212,23.57,23.58,23.57,23.57,23.575,58,5
1641395213,23.58,23.58,23.57,23.58,23.577,57,11
1641395214,23.58,23.58,23.57,23.57,23.578,43,5
1641395215,23.58,23.59,23.57,23.59,23.585,290,88
1641395216,23.59,23.6,23.58,23.59,23.591,89,35
1641395217,23.6,23.6,23.58,23.59,23.592,224,56
1641395218,23.59,23.59,23.58,23.59,23.585,33,10
1641395219,23.59,23.59,23.58,23.59,23.59,32,3
1641395220,23.59,23.59,23.58,23.58,23.582,169,48
1641395221,23.58,23.59,23.58,23.58,23.582,59,9
1641395222,23.59,23.59,23.57,23.58,23.58,139,26
1641395223,23.58,23.58,23.57,23.58,23.575,11,9
1641395224,23.58,23.58,23.57,23.57,23.575,15,3
1641395225,23.58,23.59,23.57,23.59,23.579,191,38
1641395226,23.58,23.59,23.58,23.58,23.582,24,8
1641395227,23.59,23.59,23.58,23.59,23.588,56,9
1641395228,23.59,23.59,23.58,23.59,23.587,158,41
1641395229,23.59,23.59,23.58,23.58,23.581,34,11
1641395230,23.58,23.59,23.58,23.59,23.583,19,7
1641395231,23.59,23.59,23.58,23.58,23.584,6,2
1641395232,23.59,23.62,23.58,23.62,23.598,330,119
1641395233,23.62,23.64,23.61,23.62,23.622,1193,142
1641395234,23.63,23.63,23.61,23.61,23.616,96,26
1641395235,23.62,23.62,23.6,23.61,23.61,51,25
1641395236,23.61,23.61,23.6,23.6,23.604,62,4
1641395237,23.6,23.61,23.6,23.6,23.603,60,5
1641395238,23.6,23.61,23.6,23.61,23.607,49,7
1641395239,23.61,23.62,23.6,23.61,23.609,68,24
1641395240,23.62,23.62,23.61,23.62,23.616,138,24
1641395241,23.62,23.62,23.61,23.61,23.612,14,4
1641395242,23.61,23.62,23.61,23.61,23.613,33,5
1641395243,23.62,23.62,23.61,23.61,23.613,14,3
1641395244,23.62,23.63,23.61,23.63,23.622,210,53
1641395245,23.62,23.63,23.61,23.61,23.62,150,39
1641395246,23.62,23.62,23.61,23.62,23.615,30,12
1641395247,23.62,23.62,23.61,23.62,23.616,26,6
1641395248,23.62,23.62,23.61,23.62,23.614,21,7
1641395249,23.62,23.62,23.61,23.62,23.617,41,5
1641395250,23.62,23.62,23.6,23.61,23.61,114,37
1641395251,23.61,23.62,23.61,23.62,23.616,100,32
1641395252,23.62,23.62,23.61,23.62,23.614,26,7
1641395253,23.61,23.62,23.61,23.62,23.613,76,9
1641395254,23.62,23.62,23.61,23.62,23.617,12,8
1641395255,23.62,23.63,23.61,23.62,23.619,108,30
1641395256,23.63,23.64,23.62,23.63,23.638,600,35
1641395257,23.63,23.64,23.62,23.64,23.63,137,35
1641395258,23.64,23.65,23.63,23.64,23.644,901,112
1641395259,23.64,23.65,23.64,23.64,23.645,201,51
1641395260,23.64,23.65,23.64,23.64,23.648,164,34
1641395261,23.65,23.66,23.64,23.65,23.652,427,35
1641395262,23.64,23.67,23.64,23.67,23.659,444,99
1641395263,23.66,23.67,23.65,23.65,23.656,183,21
1641395264,23.66,23.66,23.64,23.64,23.655,210,39
1641395265,23.65,23.65,23.64,23.65,23.649,53,3
1641395266,23.64,23.65,23.64,23.64,23.645,88,13
1641395267,23.64,23.65,23.62,23.63,23.638,1416,66
1641395268,23.63,23.64,23.62,23.63,23.63,119,7
1641395269,23.62,23.63,23.62,23.63,23.627,62,13
1641395270,23.63,23.63,23.62,23.63,23.626,30,5
1641395271,23.63,23.63,23.62,23.63,23.624,31,7
1641395272,23.63,23.63,23.62,23.63,23.623,30,8
1641395273,23.63,23.63,23.62,23.63,23.623,73,19
1641395274,23.63,23.64,23.62,23.64,23.634,303,62
1641395275,23.63,23.64,23.63,23.64,23.631,53,2
1641395276,23.64,23.64,23.63,23.64,23.635,11,2
1641395277,23.64,23.64,23.63,23.64,23.634,34,12
1641395278,23.63,23.64,23.63,23.63,23.63,73,17
1641395279,23.63,23.63,23.62,23.63,23.628,7,6
1641395280,23.63,23.63,23.62,23.63,23.627,43,3
1641395281,23.62,23.63,23.62,23.62,23.621,203,8
1641395282,23.63,23.63,23.61,23.62,23.619,103,27
1641395283,23.61,23.63,23.61,23.62,23.622,116,17
1641395284,23.62,23.64,23.62,23.64,23.629,119,48
1641395285,23.63,23.65,23.63,23.64,23.642,311,69
1641395286,23.64,23.65,23.63,23.64,23.638,120,40
1641395287,23.64,23.64,23.63,23.64,23.637,55,4
1641395288,23.64,23.64,23.63,23.64,23.638,43,11
1641395289,23.64,23.64,23.62,23.63,23.628,116,27
1641395290,23.62,23.63,23.62,23.63,23.626,8,3
1641395291,23.63,23.64,23.62,23.64,23.631,66,21
1641395292,23.64,23.64,23.63,23.64,23.63,89,3
1641395293,23.63,23.64,23.63,23.64,23.635,14,6
1641395294,23.63,23.64,23.63,23.64,23.633,64,14
1641395295,23.64,23.64,23.63,23.64,23.638,88,29
1641395296,23.64,23.65,23.64,23.64,23.641,157,3
1641395297,23.64,23.65,23.64,23.64,23.64,72,4
1641395298,23.64,23.65,23.63,23.64,23.636,130,49
1641395299,23.64,23.65,23.64,23.64,23.645,14,10
1641395300,23.65,23.65,23.64,23.64,23.643,48,5
1641395301,23.65,23.65,23.64,23.64,23.649,54,4
1641395302,23.64,23.65,23.64,23.64,23.645,19,6
1641395303,23.64,23.65,23.63,23.64,23.64,105,32
1641395304,23.64,23.65,23.63,23.64,23.638,280,46
1641395305,23.64,23.65,23.64,23.64,23.641,56,7
1641395306,23.65,23.65,23.64,23.64,23.641,25,6
1641395307,23.64,23.65,23.64,23.64,23.642,42,8
1641395308,23.64,23.66,23.64,23.66,23.65,241,45
1641395309,23.66,23.66,23.64,23.65,23.653,99,18
1641395310,23.65,23.66,23.65,23.66,23.655,58,8
1641395311,23.66,23.66,23.65,23.66,23.655,12,3
1641395312,23.66,23.66,23.65,23.66,23.659,41,19
1641395313,23.67,23.67,23.66,23.66,23.661,231,36
1641395314,23.66,23.67,23.66,23.67,23.662,144,9
1641395315,23.66,23.67,23.66,23.67,23.661,58,5
1641395316,23.67,23.67,23.66,23.67,23.669,120,39
1641395317,23.67,23.68,23.67,23.68,23.673,68,24
1641395318,23.67,23.69,23.67,23.69,23.686,397,47
1641395319,23.69,23.69,23.68,23.68,23.686,183,20
1641395320,23.68,23.68,23.66,23.67,23.67,158,28
1641395321,23.67,23.67,23.66,23.67,23.664,12,6
1641395322,23.66,23.67,23.66,23.67,23.667,100,8
1641395323,23.67,23.67,23.66,23.67,23.667,1,1
1641395324,23.66,23.67,23.66,23.67,23.661,185,20
1641395325,23.67,23.68,23.66,23.68,23.666,101,23
1641395326,23.68,23.69,23.67,23.69,23.68,106,27
1641395327,23.68,23.69,23.68,23.68,23.686,183,41
1641395328,23.68,23.68,23.67,23.67,23.672,8,5
1641395329,23.67,23.68,23.67,23.68,23.672,11,7
1641395330,23.68,23.68,23.67,23.68,23.673,158,32
1641395331,23.68,23.68,23.67,23.67,23.677,46,10
1641395332,23.68,23.68,23.67,23.67,23.675,79,23
1641395333,23.68,23.68,23.67,23.67,23.671,25,6
1641395334,23.68,23.68,23.66,23.66,23.668,145,29
1641395335,23.66,23.67,23.66,23.66,23.661,43,12
1641395336,23.66,23.67,23.65,23.66,23.661,74,23
1641395337,23.66,23.66,23.65,23.65,23.659,62,7
1641395338,23.66,23.66,23.65,23.65,23.65,109,20
1641395339,23.65,23.65,23.64,23.64,23.648,37,12
1641395340,23.64,23.65,23.64,23.65,23.645,17,6
1641395341,23.65,23.65,23.64,23.64,23.648,26,5
1641395342,23.64,23.65,23.64,23.65,23.643,112,9
1641395343,23.64,23.65,23.64,23.65,23.642,395,85
1641395344,23.65,23.66,23.64,23.66,23.651,69,19
1641395345,23.66,23.69,23.65,23.68,23.673,407,113
1641395346,23.69,23.69,23.67,23.68,23.674,260,23
1641395347,23.68,23.68,23.67,23.68,23.676,38,6
1641395348,23.68,23.68,23.67,23.67,23.675,126,15
1641395349,23.67,23.68,23.67,23.68,23.678,68,15
1641395350,23.67,23.68,23.67,23.68,23.678,103,6
1641395351,23.68,23.68,23.67,23.67,23.674,155,3
1641395352,23.68,23.68,23.67,23.68,23.678,15,6
1641395353,23.67,23.68,23.66,23.67,23.67,51,19
1641395354,23.67,23.68,23.66,23.68,23.671,39,13
1641395355,23.68,23.68,23.67,23.68,23.677,14,8
1641395356,23.68,23.68,23.67,23.68,23.679,14,3
1641395357,23.67,23.68,23.67,23.67,23.67,13,2
1641395358,23.68,23.68,23.67,23.67,23.675,89,11
1641395359,23.67,23.68,23.67,23.68,23.674,37,8
1641395360,23.67,23.68,23.67,23.68,23.675,10,3
1641395361,23.68,23.68,23.67,23.67,23.672,25,3
1641395362,23.67,23.68,23.66,23.67,23.666,160,30
1641395363,23.66,23.67,23.66,23.66,23.667,42,12
1641395364,23.67,23.67,23.66,23.66,23.662,283,61
1641395365,23.67,23.67,23.66,23.67,23.665,50,5
1641395366,23.67,23.67,23.66,23.67,23.663,106,15
1641395367,23.66,23.67,23.66,23.66,23.663,4,3
1641395368,23.66,23.67,23.66,23.66,23.662,65,17
1641395369,23.66,23.67,23.66,23.66,23.662,93,9
1641395370,23.66,23.67,23.66,23.67,23.663,113,5
1641395371,23.66,23.67,23.66,23.66,23.66,21,9
1641395372,23.66,23.67,23.66,23.67,23.661,18,6
1641395373,23.67,23.67,23.66,23.66,23.661,30,4
1641395374,23.67,23.67,23.66,23.66,23.664,10,4
1641395375,23.66,23.66,23.66,23.66,23.66,1,1
1641395376,23.66,23.67,23.65,23.66,23.658,193,45
1641395377,23.66,23.66,23.65,23.66,23.659,73,22
1641395378,23.67,23.67,23.66,23.67,23.661,41,18
1641395379,23.66,23.66,23.65,23.66,23.659,32,6
1641395380,23.65,23.66,23.65,23.66,23.652,9,5
1641395381,23.66,23.66,23.65,23.65,23.65,146,3
1641395382,23.66,23.66,23.64,23.64,23.654,196,31
1641395383,23.64,23.65,23.64,23.65,23.641,107,15
1641395384,23.64,23.65,23.64,23.65,23.645,107,9
1641395385,23.65,23.65,23.64,23.65,23.65,15,8
1641395386,23.64,23.65,23.64,23.65,23.645,3,2
1641395387,23.65,23.65,23.64,23.64,23.641,17,3
1641395388,23.65,23.65,23.64,23.65,23.649,1,1
1641395389,23.65,23.65,23.64,23.64,23.645,7,3
1641395390,23.64,23.65,23.64,23.64,23.642,23,5
1641395391,23.64,23.65,23.64,23.64,23.646,22,4
1641395392,23.64,23.65,23.64,23.64,23.645,7,2
1641395393,23.64,23.65,23.64,23.64,23.64,107,28
1641395394,23.65,23.65,23.64,23.64,23.645,52,3
1641395395,23.64,23.65,23.64,23.65,23.647,29,4
1641395396,23.64,23.65,23.64,23.64,23.645,8,3
1641395397,23.65,23.65,23.64,23.64,23.64,120,36
1641395398,23.64,23.64,23.64,23.64,23.64,1,1
1641395399,23.64,23.65,23.64,23.64,23.64,48,5
1641395400,23.64,23.65,23.63,23.64,23.635,221,46
1641395401,23.63,23.64,23.63,23.64,23.639,94,6
1641395402,23.64,23.64,23.63,23.63,23.631,99,6
1641395403,23.63,23.64,23.63,23.64,23.632,28,3
1641395404,23.64,23.64,23.63,23.64,23.639,15,1
1641395405,23.63,23.64,23.63,23.63,23.631,15,7
1641395406,23.63,23.63,23.62,23.63,23.63,73,24
1641395407,23.63,23.63,23.62,23.62,23.621,83,17
1641395408,23.63,23.63,23.62,23.62,23.626,25,6
1641395409,23.63,23.63,23.62,23.63,23.625,32,3
1641395410,23.63,23.63,23.62,23.63,23.624,46,12
1641395411,23.62,23.63,23.62,23.63,23.627,16,5
1641395412,23.63,23.63,23.62,23.63,23.623,65,13
1641395413,23.63,23.63,23.62,23.63,23.629,11,4
1641395414,23.63,23.65,23.62,23.64,23.634,346,77
1641395415,23.64,23.65,23.63,23.65,23.641,203,34
1641395416,23.65,23.65,23.64,23.64,23.648,50,9
1641395417,23.64,23.65,23.64,23.65,23.646,215,11
1641395418,23.64,23.65,23.64,23.65,23.647,21,4
1641395419,23.64,23.65,23.64,23.64,23.648,39,5
1641395420,23.64,23.66,23.64,23.65,23.65,272,43
1641395421,23.66,23.66,23.65,23.66,23.651,175,46
1641395422,23.65,23.66,23.65,23.66,23.655,64,16
1641395423,23.66,23.66,23.66,23.66,23.66,2,2
1641395424,23.66,23.66,23.66,23.66,23.66,2,2
1641395425,23.66,23.66,23.65,23.66,23.656,37,14
1641395426,23.66,23.66,23.65,23.66,23.652,71,11
1641395427,23.65,23.67,23.65,23.67,23.66,169,42
1641395428,23.66,23.67,23.66,23.67,23.664,9,2
1641395429,23.67,23.67,23.66,23.67,23.667,25,13
1641395430,23.67,23.67,23.66,23.67,23.667,20,9
1641395431,23.67,23.67,23.66,23.66,23.663,12,3
1641395432,23.67,23.67,23.65,23.66,23.66,73,20
1641395433,23.66,23.66,23.65,23.66,23.654,9,4
1641395434,23.66,23.66,23.64,23.64,23.649,117,28
1641395435,23.65,23.65,23.64,23.65,23.649,62,6
1641395436,23.64,23.65,23.64,23.64,23.64,39,14
1641395437,23.64,23.64,23.63,23.63,23.632,78,19
1641395438,23.63,23.64,23.63,23.64,23.633,19,3
1641395439,23.64,23.64,23.63,23.64,23.635,30,3
1641395440,23.64,23.64,23.63,23.63,23.63,55,5
1641395441,23.64,23.64,23.63,23.64,23.635,21,5
1641395442,23.64,23.66,23.63,23.65,23.645,555,85
1641395443,23.65,23.65,23.64,23.65,23.648,62,12
1641395444,23.65,23.65,23.64,23.64,23.642,81,6
1641395445,23.64,23.65,23.64,23.64,23.649,24,4
1641395446,23.64,23.65,23.64,23.65,23.647,24,6
1641395447,23.65,23.65,23.64,23.64,23.648,35,4
1641395448,23.64,23.65,23.64,23.64,23.648,33,6
1641395449,23.64,23.65,23.64,23.64,23.643,35,9
1641395450,23.64,23.65,23.64,23.64,23.641,107,13
1641395451,23.65,23.65,23.64,23.65,23.647,12,8
1641395452,23.65,23.65,23.63,23.64,23.64,76,19
1641395453,23.64,23.64,23.63,23.64,23.636,8,4
1641395454,23.64,23.64,23.63,23.64,23.635,6,1
1641395455,23.64,23.64,23.63,23.64,23.637,7,5
1641395456,23.64,23.64,23.63,23.64,23.64,0,0
1641395457,23.64,23.64,23.63,23.64,23.64,13,9
1641395458,23.64,23.64,23.63,23.64,23.638,81,4
1641395459,23.64,23.64,23.63,23.64,23.636,194,46
1641395460,23.64,23.65,23.64,23.64,23.645,1,1
1641395461,23.64,23.65,23.64,23.65,23.647,17,3
1641395462,23.65,23.66,23.64,23.66,23.654,180,37
1641395463,23.67,23.68,23.66,23.67,23.671,263,38
1641395464,23.68,23.68,23.67,23.68,23.675,194,38
1641395465,23.67,23.68,23.67,23.67,23.671,13,3
1641395466,23.67,23.68,23.67,23.68,23.675,137,7
1641395467,23.68,23.68,23.67,23.68,23.679,91,30
1641395468,23.68,23.69,23.68,23.69,23.685,21,10
1641395469,23.68,23.69,23.67,23.69,23.68,207,47
1641395470,23.69,23.69,23.68,23.68,23.689,173,14
1641395471,23.69,23.69,23.68,23.69,23.686,9,2
1641395472,23.69,23.69,23.68,23.69,23.689,132,16
1641395473,23.69,23.69,23.68,23.69,23.686,26,8
1641395474,23.69,23.69,23.68,23.69,23.69,264,64
1641395475,23.69,23.7,23.68,23.69,23.689,218,32
1641395476,23.68,23.69,23.68,23.69,23.681,118,13
1641395477,23.68,23.69,23.68,23.69,23.686,23,11
1641395478,23.69,23.69,23.68,23.69,23.684,31,6
1641395479,23.69,23.69,23.68,23.69,23.683,65,11
1641395480,23.69,23.69,23.68,23.69,23.686,22,2
1641395481,23.68,23.69,23.68,23.68,23.68,27,4
1641395482,23.69,23.69,23.67,23.68,23.68,80,32
1641395483,23.68,23.69,23.67,23.69,23.679,198,28
1641395484,23.68,23.69,23.68,23.69,23.685,74,9
1641395485,23.69,23.69,23.68,23.69,23.683,53,25
1641395486,23.69,23.69,23.68,23.69,23.688,63,10
1641395487,23.68,23.68,23.67,23.68,23.678,55,20
1641395488,23.67,23.68,23.67,23.68,23.673,57,5
1641395489,23.68,23.68,23.67,23.68,23.677,7,3
1641395490,23.68,23.68,23.67,23.67,23.674,147,12
1641395491,23.68,23.68,23.67,23.68,23.679,363,4
1641395492,23.68,23.69,23.67,23.69,23.681,101,35
1641395493,23.69,23.69,23.68,23.68,23.688,30,4
1641395494,23.69,23.69,23.68,23.69,23.683,13,6
1641395495,23.69,23.69,23.67,23.68,23.681,134,29
1641395496,23.68,23.68,23.67,23.68,23.678,128,34
1641395497,23.69,23.69,23.68,23.69,23.688,97,4
1641395498,23.69,23.69,23.68,23.68,23.682,94,9
1641395499,23.68,23.69,23.68,23.68,23.681,39,11
1641395500,23.68,23.69,23.68,23.69,23.683,46,4
1641395501,23.69,23.69,23.68,23.69,23.687,183,56
1641395502,23.69,23.69,23.68,23.69,23.689,13,4
1641395503,23.68,23.69,23.68,23.69,23.689,11,2
1641395504,23.68,23.69,23.68,23.69,23.681,22,3
1641395505,23.69,23.69,23.68,23.68,23.682,61,3
1641395506,23.69,23.69,23.68,23.68,23.682,125,9
1641395507,23.68,23.69,23.68,23.69,23.68,63,18
1641395508,23.68,23.69,23.68,23.68,23.681,46,13
1641395509,23.68,23.69,23.68,23.69,23.684,9,4
1641395510,23.68,23.69,23.68,23.68,23.68,168,26
1641395511,23.68,23.68,23.67,23.68,23.679,43,18
1641395512,23.68,23.68,23.67,23.67,23.677,63,13
1641395513,23.68,23.68,23.67,23.68,23.674,100,20
1641395514,23.68,23.68,23.67,23.68,23.679,42,6
1641395515,23.68,23.68,23.67,23.68,23.677,53,7
1641395516,23.68,23.68,23.67,23.68,23.675,1,1
1641395517,23.68,23.68,23.67,23.68,23.677,4,3
1641395518,23.68,23.68,23.67,23.68,23.679,17,8
1641395519,23.68,23.68,23.68,23.68,23.68,0,0
1641395520,23.68,23.68,23.67,23.68,23.672,73,12
1641395521,23.68,23.68,23.67,23.67,23.675,8,5
1641395522,23.68,23.68,23.67,23.68,23.677,2,2
1641395523,23.67,23.68,23.67,23.67,23.672,10,1
1641395524,23.68,23.68,23.67,23.68,23.675,10,4
1641395525,23.67,23.67,23.66,23.67,23.669,179,41
1641395526,23.67,23.67,23.66,23.66,23.669,118,8
1641395527,23.67,23.68,23.67,23.68,23.67,59,22
1641395528,23.68,23.68,23.67,23.68,23.675,2,1
1641395529,23.68,23.69,23.67,23.68,23.68,178,42
1641395530,23.68,23.69,23.68,23.69,23.683,63,9
1641395531,23.69,23.69,23.68,23.69,23.689,82,4
1641395532,23.69,23.69,23.68,23.68,23.685,16,5
1641395533,23.68,23.69,23.68,23.69,23.686,68,8
1641395534,23.69,23.69,23.68,23.68,23.688,46,6
1641395535,23.69,23.69,23.68,23.69,23.684,91,25
1641395536,23.69,23.69,23.68,23.69,23.686,27,6
1641395537,23.69,23.69,23.68,23.69,23.685,1,1
1641395538,23.69,23.69,23.68,23.69,23.687,81,7
1641395539,23.69,23.69,23.68,23.69,23.688,9,4
1641395540,23.69,23.69,23.68,23.68,23.685,118,17
1641395541,23.69,23.69,23.68,23.68,23.687,6,2
1641395542,23.68,23.69,23.68,23.69,23.685,19,5
1641395543,23.69,23.7,23.68,23.7,23.69,125,30
1641395544,23.7,23.7,23.69,23.69,23.691,71,17
1641395545,23.7,23.7,23.69,23.69,23.692,5,4
1641395546,23.7,23.7,23.69,23.7,23.694,19,5
1641395547,23.7,23.7,23.69,23.7,23.698,115,5
1641395548,23.7,23.71,23.69,23.71,23.701,617,84
1641395549,23.71,23.71,23.7,23.71,23.702,71,12
1641395550,23.71,23.71,23.7,23.71,23.709,135,22
1641395551,23.71,23.73,23.71,23.73,23.716,355,71
1641395552,23.73,23.73,23.72,23.73,23.726,260,47
1641395553,23.73,23.73,23.72,23.73,23.726,89,20
1641395554,23.72,23.73,23.72,23.73,23.723,38,11
1641395555,23.73,23.73,23.72,23.72,23.721,216,59
1641395556,23.72,23.73,23.72,23.72,23.724,45,9
1641395557,23.73,23.73,23.71,23.72,23.723,79,37
1641395558,23.72,23.72,23.71,23.71,23.714,48,13
1641395559,23.71,23.72,23.71,23.71,23.712,200,6
1641395560,23.71,23.72,23.7,23.71,23.709,151,40
1641395561,23.7,23.71,23.7,23.71,23.704,20,15
1641395562,23.7,23.71,23.7,23.7,23.702,124,9
1641395563,23.7,23.71,23.7,23.7,23.703,11,8
1641395564,23.71,23.71,23.7,23.71,23.703,65,14
1641395565,23.71,23.71,23.7,23.7,23.701,78,15
1641395566,23.71,23.71,23.7,23.71,23.703,73,8
1641395567,23.71,23.72,23.7,23.71,23.711,227,47
1641395568,23.72,23.72,23.71,23.72,23.72,163,37
1641395569,23.72,23.73,23.72,23.73,23.72,47,6
1641395570,23.73,23.73,23.72,23.73,23.728,72,11
1641395571,23.73,23.73,23.71,23.71,23.721,347,88
1641395572,23.72,23.73,23.71,23.73,23.72,260,24
1641395573,23.73,23.73,23.72,23.72,23.726,14,5
1641395574,23.73,23.74,23.72,23.74,23.734,326,79
1641395575,23.74,23.74,23.73,23.73,23.734,10,6
1641395576,23.73,23.74,23.73,23.73,23.733,36,7
1641395577,23.73,23.74,23.73,23.74,23.739,126,18
1641395578,23.74,23.74,23.73,23.73,23.736,32,9
1641395579,23.73,23.74,23.73,23.74,23.732,12,3
1641395580,23.73,23.74,23.73,23.73,23.736,13,6
1641395581,23.74,23.74,23.73,23.73,23.735,47,5
1641395582,23.74,23.75,23.73,23.75,23.739,82,18
1641395583,23.74,23.75,23.73,23.75,23.741,18,5
1641395584,23.75,23.75,23.74,23.75,23.741,184,12
1641395585,23.75,23.75,23.74,23.74,23.745,81,19
1641395586,23.74,23.75,23.73,23.74,23.74,259,56
1641395587,23.73,23.73,23.72,23.73,23.728,410,42
1641395588,23.73,23.73,23.72,23.72,23.723,93,19
1641395589,23.73,23.74,23.72,23.73,23.731,147,42
1641395590,23.73,23.74,23.73,23.74,23.733,79,24
1641395591,23.74,23.74,23.73,23.73,23.739,78,3
1641395592,23.73,23.75,23.73,23.74,23.74,115,27
1641395593,23.75,23.76,23.74,23.76,23.75,617,61
1641395594,23.76,23.76,23.75,23.76,23.753,34,9
1641395595,23.75,23.76,23.75,23.75,23.751,261,42
1641395596,23.75,23.76,23.75,23.76,23.751,23,4
1641395597,23.76,23.76,23.75,23.76,23.752,89,10
1641395598,23.75,23.76,23.75,23.75,23.751,13,2
1641395599,23.76,23.76,23.75,23.75,23.758,116,7
1641395600,23.76,23.76,23.75,23.76,23.757,131,15
1641395601,23.75,23.76,23.75,23.76,23.752,16,5
1641395602,23.75,23.75,23.74,23.75,23.749,67,21
1641395603,23.75,23.75,23.74,23.75,23.747,36,7
1641395604,23.75,23.75,23.74,23.75,23.748,70,7
1641395605,23.74,23.75,23.74,23.75,23.743,64,8
1641395606,23.75,23.75,23.74,23.75,23.749,162,11
1641395607,23.74,23.76,23.74,23.76,23.749,87,34
1641395608,23.76,23.77,23.75,23.77,23.76,269,57
1641395609,23.76,23.76,23.75,23.76,23.756,128,24
1641395610,23.75,23.76,23.75,23.76,23.756,59,5
1641395611,23.75,23.77,23.75,23.77,23.758,89,29
1641395612,23.77,23.77,23.76,23.77,23.765,24,12
1641395613,23.77,23.78,23.76,23.78,23.775,474,89
1641395614,23.78,23.79,23.77,23.78,23.782,433,115
1641395615,23.79,23.79,23.78,23.79,23.788,17,11
1641395616,23.79,23.79,23.78,23.79,23.785,55,15
1641395617,23.79,23.79,23.78,23.79,23.78,415,110
1641395618,23.79,23.79,23.78,23.78,23.785,30,11
1641395619,23.78,23.79,23.78,23.78,23.785,38,13
1641395620,23.78,23.79,23.78,23.78,23.786,46,13
1641395621,23.78,23.79,23.78,23.79,23.784,27,10
1641395622,23.79,23.79,23.77,23.78,23.78,142,38
1641395623,23.77,23.78,23.77,23.77,23.771,108,24
1641395624,23.77,23.78,23.77,23.77,23.773,63,13
1641395625,23.78,23.78,23.77,23.77,23.771,157,12
1641395626,23.77,23.77,23.76,23.77,23.77,74,18
1641395627,23.77,23.77,23.76,23.76,23.763,75,6
1641395628,23.76,23.77,23.75,23.76,23.76,236,68
1641395629,23.75,23.76,23.75,23.76,23.758,190,16
1641395630,23.76,23.76,23.75,23.76,23.755,9,7
1641395631,23.75,23.76,23.75,23.76,23.751,63,4
1641395632,23.76,23.76,23.75,23.76,23.755,22,4
1641395633,23.75,23.76,23.74,23.75,23.749,112,34
1641395634,23.75,23.75,23.74,23.75,23.749,11,4
1641395635,23.74,23.75,23.73,23.73,23.742,258,42
1641395636,23.73,23.74,23.73,23.73,23.738,77,10
1641395637,23.73,23.74,23.73,23.74,23.733,13,7
1641395638,23.74,23.74,23.73,23.73,23.735,98,11
1641395639,23.73,23.74,23.73,23.73,23.733,17,7
1641395640,23.73,23.74,23.73,23.73,23.734,4,3
1641395641,23.73,23.74,23.73,23.73,23.731,77,21
1641395642,23.73,23.73,23.72,23.72,23.723,84,21
1641395643,23.73,23.73,23.72,23.72,23.729,230,12
1641395644,23.73,23.73,23.72,23.72,23.723,75,9
1641395645,23.73,23.73,23.72,23.73,23.725,28,8
1641395646,23.73,23.73,23.73,23.73,23.73,2,1
1641395647,23.72,23.73,23.72,23.73,23.721,55,32
1641395648,23.72,23.73,23.72,23.73,23.727,6,5
1641395649,23.72,23.73,23.72,23.73,23.723,42,12
1641395650,23.73,23.73,23.72,23.73,23.721,126,38
1641395651,23.73,23.73,23.72,23.73,23.724,19,7
1641395652,23.73,23.73,23.72,23.73,23.726,50,9
1641395653,23.72,23.73,23.72,23.73,23.722,56,8
1641395654,23.73,23.73,23.72,23.73,23.721,96,8
1641395655,23.72,23.73,23.72,23.73,23.728,18,7
1641395656,23.73,23.73,23.72,23.73,23.726,10,5
1641395657,23.73,23.73,23.72,23.73,23.73,0,0
1641395658,23.73,23.73,23.72,23.73,23.724,24,5
1641395659,23.73,23.73,23.72,23.73,23.723,47,10
1641395660,23.73,23.73,23.72,23.73,23.726,10,6
1641395661,23.72,23.73,23.72,23.73,23.723,11,2
1641395662,23.72,23.73,23.72,23.73,23.724,11,5
1641395663,23.72,23.74,23.72,23.73,23.732,802,220
1641395664,23.73,23.73,23.72,23.73,23.729,66,8
1641395665,23.73,23.73,23.72,23.73,23.728,5,4
1641395666,23.73,23.73,23.72,23.73,23.726,88,19
1641395667,23.73,23.73,23.72,23.73,23.729,29,3
1641395668,23.73,23.73,23.72,23.73,23.726,6,5
1641395669,23.73,23.73,23.72,23.73,23.724,28,8
1641395670,23.73,23.73,23.72,23.73,23.726,8,4
1641395671,23.73,23.73,23.72,23.73,23.726,26,7
1641395672,23.72,23.73,23.72,23.72,23.722,71,6
1641395673,23.73,23.73,23.72,23.72,23.726,11,7
1641395674,23.73,23.73,23.7,23.71,23.716,646,104
1641395675,23.7,23.71,23.7,23.71,23.702,31,15
1641395676,23.71,23.71,23.7,23.71,23.703,23,3
1641395677,23.71,23.71,23.7,23.7,23.701,846,106
1641395678,23.71,23.71,23.7,23.71,23.709,170,38
1641395679,23.72,23.72,23.71,23.71,23.718,12,9
1641395680,23.72,23.72,23.71,23.72,23.718,10,2
1641395681,23.71,23.72,23.71,23.71,23.716,27,4
1641395682,23.72,23.73,23.71,23.73,23.726,221,44
1641395683,23.73,23.74,23.72,23.73,23.735,136,37
1641395684,23.73,23.74,23.73,23.73,23.732,46,15
1641395685,23.73,23.74,23.73,23.73,23.733,18,10
1641395686,23.73,23.74,23.73,23.73,23.73,0,0
1641395687,23.73,23.74,23.73,23.73,23.733,28,16
1641395688,23.74,23.74,23.73,23.73,23.735,18,5
1641395689,23.74,23.74,23.73,23.73,23.735,57,5
1641395690,23.73,23.74,23.73,23.73,23.735,20,1
1641395691,23.73,23.74,23.73,23.73,23.73,76,17
1641395692,23.73,23.73,23.72,23.73,23.725,1,1
1641395693,23.73,23.73,23.72,23.73,23.724,24,4
1641395694,23.73,23.73,23.72,23.72,23.728,37,8
1641395695,23.72,23.73,23.72,23.72,23.72,0,0
1641395696,23.73,23.73,23.72,23.73,23.728,23,2
1641395697,23.73,23.73,23.72,23.73,23.729,28,4
1641395698,23.73,23.74,23.72,23.74,23.731,61,21
1641395699,23.73,23.74,23.73,23.74,23.735,28,4
1641395700,23.74,23.75,23.73,23.75,23.74,79,28
1641395701,23.75,23.75,23.74,23.75,23.746,22,6
1641395702,23.75,23.75,23.74,23.75,23.742,119,8
1641395703,23.75,23.75,23.74,23.75,23.747,6,2
1641395704,23.75,23.75,23.74,23.75,23.745,10,1
1641395705,23.75,23.75,23.74,23.75,23.749,176,36
1641395706,23.75,23.76,23.75,23.75,23.751,39,18
1641395707,23.76,23.76,23.75,23.76,23.756,57,7
1641395708,23.76,23.76,23.75,23.76,23.757,19,5
1641395709,23.76,23.77,23.75,23.77,23.761,70,27
1641395710,23.77,23.77,23.76,23.77,23.77,187,44
1641395711,23.78,23.78,23.77,23.78,23.777,24,6
1641395712,23.78,23.78,23.77,23.78,23.775,13,7
1641395713,23.77,23.78,23.77,23.78,23.774,62,10
1641395714,23.78,23.78,23.77,23.78,23.779,3,3
1641395715,23.78,23.78,23.77,23.78,23.776,33,7
1641395716,23.78,23.78,23.77,23.78,23.773,72,5
1641395717,23.78,23.79,23.77,23.79,23.78,236,36
1641395718,23.79,23.79,23.78,23.78,23.784,21,9
1641395719,23.79,23.79,23.78,23.79,23.789,39,12
1641395720,23.79,23.79,23.78,23.79,23.787,66,9
1641395721,23.79,23.79,23.78,23.79,23.784,30,10
1641395722,23.79,23.79,23.78,23.79,23.79,101,2
1641395723,23.78,23.79,23.78,23.78,23.786,94,12
1641395724,23.79,23.8,23.78,23.8,23.79,645,51
1641395725,23.8,23.8,23.79,23.8,23.799,125,21
1641395726,23.8,23.8,23.8,23.8,23.8,4,2
1641395727,23.8,23.8,23.79,23.8,23.799,32,6
1641395728,23.8,23.83,23.79,23.83,23.808,852,132
1641395729,23.83,23.83,23.82,23.83,23.829,425,106
1641395730,23.82,23.83,23.82,23.83,23.823,96,13
1641395731,23.82,23.83,23.82,23.82,23.822,68,22
1641395732,23.82,23.83,23.82,23.82,23.821,75,18
1641395733,23.82,23.83,23.81,23.82,23.818,161,33
1641395734,23.82,23.82,23.81,23.82,23.816,190,11
1641395735,23.81,23.82,23.81,23.82,23.819,255,20
1641395736,23.82,23.83,23.81,23.83,23.822,372,55
1641395737,23.83,23.84,23.82,23.84,23.832,128,24
1641395738,23.84,23.84,23.83,23.84,23.837,53,19
1641395739,23.84,23.84,23.83,23.84,23.838,243,41
1641395740,23.83,23.85,23.83,23.85,23.84,575,52
1641395741,23.85,23.85,23.84,23.85,23.847,312,65
1641395742,23.85,23.85,23.84,23.85,23.845,57,23
1641395743,23.85,23.85,23.84,23.85,23.843,40,15
1641395744,23.84,23.85,23.84,23.84,23.843,31,8
1641395745,23.85,23.85,23.84,23.84,23.845,166,26
1641395746,23.85,23.85,23.83,23.84,23.84,348,82
1641395747,23.84,23.84,23.83,23.84,23.833,41,14
1641395748,23.84,23.84,23.83,23.83,23.83,315,8
1641395749,23.83,23.84,23.83,23.84,23.832,38,9
1641395750,23.83,23.84,23.82,23.83,23.829,137,30
1641395751,23.82,23.83,23.82,23.83,23.822,71,13
1641395752,23.83,23.83,23.82,23.83,23.829,45,10
1641395753,23.83,23.83,23.82,23.83,23.827,62,8
1641395754,23.83,23.84,23.83,23.84,23.833,95,22
1641395755,23.84,23.84,23.83,23.84,23.836,68,12
1641395756,23.83,23.84,23.83,23.84,23.835,16,6
1641395757,23.83,23.84,23.83,23.83,23.834,64,7
1641395758,23.83,23.84,23.83,23.84,23.835,97,17
1641395759,23.84,23.84,23.83,23.84,23.838,37,11
1641395760,23.83,23.84,23.83,23.83,23.833,11,5
1641395761,23.84,23.85,23.83,23.85,23.844,1820,249
1641395762,23.85,23.85,23.84,23.84,23.842,60,12
1641395763,23.84,23.85,23.84,23.85,23.847,130,41
1641395764,23.84,23.85,23.84,23.85,23.843,93,8
1641395765,23.85,23.85,23.84,23.85,23.849,56,17
1641395766,23.84,23.85,23.84,23.84,23.844,80,26
1641395767,23.84,23.85,23.84,23.85,23.843,57,12
1641395768,23.84,23.85,23.84,23.85,23.843,278,19
1641395769,23.84,23.85,23.84,23.85,23.848,103,20
1641395770,23.84,23.85,23.84,23.85,23.845,91,29
1641395771,23.85,23.85,23.84,23.85,23.846,44,21
1641395772,23.85,23.86,23.84,23.86,23.851,1349,320
1641395773,23.86,23.86,23.85,23.86,23.853,390,99
1641395774,23.86,23.86,23.85,23.85,23.855,34,13
1641395775,23.86,23.86,23.85,23.86,23.859,55,20
1641395776,23.86,23.86,23.85,23.85,23.854,195,64
1641395777,23.85,23.88,23.84,23.87,23.863,643,172
1641395778,23.87,23.88,23.86,23.87,23.867,241,34
1641395779,23.87,23.87,23.86,23.87,23.867,130,7
1641395780,23.86,23.87,23.85,23.86,23.86,314,62
1641395781,23.86,23.86,23.85,23.86,23.858,279,28
1641395782,23.85,23.86,23.85,23.85,23.853,107,13
1641395783,23.86,23.86,23.85,23.86,23.857,30,11
1641395784,23.86,23.87,23.85,23.86,23.86,103,28
1641395785,23.87,23.87,23.86,23.87,23.865,42,3
1641395786,23.87,23.88,23.86,23.88,23.87,113,26
1641395787,23.88,23.88,23.87,23.87,23.878,110,6
1641395788,23.88,23.88,23.87,23.88,23.875,141,36
1641395789,23.87,23.88,23.87,23.88,23.877,35,6
1641395790,23.87,23.88,23.87,23.87,23.874,58,14
1641395791,23.87,23.88,23.87,23.88,23.872,57,14
1641395792,23.87,23.88,23.86,23.86,23.868,160,27
1641395793,23.86,23.88,23.86,23.88,23.869,69,18
1641395794,23.87,23.88,23.87,23.88,23.874,105,12
1641395795,23.88,23.88,23.87,23.87,23.873,98,12
1641395796,23.88,23.88,23.87,23.88,23.879,85,5
1641395797,23.87,23.87,23.85,23.85,23.863,153,40
1641395798,23.86,23.86,23.85,23.85,23.857,84,12
1641395799,23.85,23.86,23.84,23.84,23.846,195,37
1641395800,23.84,23.84,23.83,23.84,23.836,250,56
1641395801,23.84,23.84,23.83,23.83,23.833,48,19
1641395802,23.83,23.84,23.83,23.83,23.834,88,13
1641395803,23.84,23.84,23.83,23.84,23.836,37,8
1641395804,23.84,23.84,23.83,23.84,23.835,7,5
1641395805,23.84,23.84,23.83,23.84,23.836,63,13
1641395806,23.84,23.84,23.83,23.84,23.837,72,7
1641395807,23.84,23.84,23.83,23.84,23.836,11,4
1641395808,23.84,23.84,23.83,23.84,23.84,0,0
1641395809,23.84,23.86,23.83,23.86,23.847,245,60
1641395810,23.85,23.86,23.85,23.85,23.851,27,8
1641395811,23.85,23.86,23.84,23.85,23.85,153,45
1641395812,23.84,23.86,23.83,23.84,23.839,150,43
1641395813,23.83,23.84,23.83,23.84,23.837,95,25
1641395814,23.84,23.84,23.83,23.83,23.834,18,6
1641395815,23.83,23.84,23.83,23.83,23.83,0,0
1641395816,23.84,23.84,23.83,23.84,23.836,49,5
1641395817,23.84,23.84,23.83,23.84,23.837,33,5
1641395818,23.84,23.85,23.83,23.85,23.838,74,19
1641395819,23.85,23.85,23.84,23.85,23.845,1,1
1641395820,23.84,23.86,23.84,23.86,23.852,211,45
1641395821,23.86,23.86,23.85,23.86,23.859,107,8
1641395822,23.86,23.87,23.86,23.87,23.861,54,20
1641395823,23.87,23.87,23.86,23.86,23.867,8,6
1641395824,23.87,23.87,23.86,23.86,23.867,27,5
1641395825,23.87,23.88,23.86,23.87,23.87,281,50
1641395826,23.88,23.89,23.87,23.88,23.881,610,65
1641395827,23.89,23.9,23.88,23.89,23.89,632,42
1641395828,23.89,23.9,23.88,23.89,23.896,130,26
1641395829,23.89,23.91,23.89,23.9,23.9,583,126
1641395830,23.91,23.91,23.9,23.91,23.909,103,10
1641395831,23.91,23.91,23.9,23.91,23.907,95,21
1641395832,23.91,23.92,23.9,23.92,23.912,481,102
1641395833,23.92,23.92,23.91,23.92,23.913,163,17
1641395834,23.92,23.92,23.9,23.91,23.908,221,58
1641395835,23.9,23.91,23.9,23.91,23.905,18,8
1641395836,23.91,23.91,23.89,23.9,23.901,316,52
1641395837,23.89,23.91,23.89,23.89,23.899,271,80
1641395838,23.89,23.9,23.88,23.89,23.891,323,56
1641395839,23.89,23.9,23.88,23.89,23.893,33,10
1641395840,23.9,23.9,23.89,23.89,23.897,120,9
1641395841,23.9,23.9,23.89,23.9,23.9,193,40
1641395842,23.9,23.91,23.89,23.91,23.904,456,38
1641395843,23.91,23.91,23.9,23.91,23.906,60,7
1641395844,23.91,23.91,23.9,23.91,23.907,45,9
1641395845,23.91,23.92,23.9,23.91,23.91,154,29
1641395846,23.91,23.92,23.91,23.91,23.912,43,5
1641395847,23.92,23.92,23.91,23.91,23.91,130,27
1641395848,23.9,23.91,23.9,23.91,23.906,54,9
1641395849,23.91,23.91,23.9,23.9,23.905,28,10
1641395850,23.9,23.91,23.9,23.91,23.906,103,13
1641395851,23.91,23.91,23.9,23.91,23.907,3,3
1641395852,23.9,23.92,23.9,23.92,23.909,125,46
1641395853,23.91,23.92,23.91,23.91,23.913,24,4
1641395854,23.92,23.93,23.91,23.93,23.918,275,51
1641395855,23.93,23.93,23.92,23.92,23.928,40,7
1641395856,23.92,23.93,23.91,23.91,23.919,291,53
1641395857,23.91,23.92,23.91,23.91,23.913,143,33
1641395858,23.91,23.92,23.91,23.92,23.914,115,8
1641395859,23.92,23.92,23.91,23.91,23.911,146,36
1641395860,23.91,23.92,23.91,23.91,23.911,35,6
1641395861,23.92,23.92,23.91,23.92,23.914,31,10
1641395862,23.92,23.92,23.91,23.92,23.916,51,23
1641395863,23.92,23.93,23.91,23.92,23.925,489,82
1641395864,23.92,23.93,23.92,23.93,23.924,20,4
1641395865,23.92,23.93,23.92,23.93,23.924,33,10
1641395866,23.93,23.93,23.92,23.93,23.923,121,16
1641395867,23.93,23.93,23.91,23.92,23.921,139,44
1641395868,23.92,23.92,23.91,23.92,23.914,94,28
1641395869,23.92,23.92,23.91,23.91,23.917,65,18
1641395870,23.92,23.92,23.91,23.91,23.914,16,8
1641395871,23.92,23.92,23.91,23.91,23.913,19,11
1641395872,23.92,23.92,23.91,23.91,23.914,40,6
1641395873,23.92,23.92,23.91,23.91,23.917,8,4
1641395874,23.92,23.92,23.91,23.92,23.916,13,4
1641395875,23.91,23.93,23.91,23.93,23.916,98,29
1641395876,23.92,23.93,23.92,23.92,23.92,6,2
1641395877,23.92,23.93,23.92,23.93,23.927,84,10
1641395878,23.92,23.93,23.92,23.93,23.926,12,7
1641395879,23.93,23.95,23.93,23.94,23.934,734,122
1641395880,23.94,23.95,23.93,23.94,23.941,255,79
1641395881,23.95,23.96,23.93,23.96,23.953,796,135
1641395882,23.96,23.96,23.95,23.96,23.96,47,18
1641395883,23.96,23.97,23.95,23.95,23.958,781,183
1641395884,23.96,23.96,23.95,23.95,23.952,89,17
1641395885,23.95,23.96,23.94,23.95,23.948,138,32
1641395886,23.95,23.95,23.94,23.94,23.941,294,21
1641395887,23.95,23.95,23.94,23.94,23.942,30,7
1641395888,23.95,23.95,23.94,23.94,23.941,44,8
1641395889,23.95,23.95,23.94,23.95,23.941,118,18
1641395890,23.95,23.95,23.94,23.94,23.941,90,12
1641395891,23.95,23.95,23.94,23.95,23.94,511,92
1641395892,23.94,23.95,23.94,23.94,23.941,93,15
1641395893,23.94,23.95,23.94,23.95,23.942,153,11
1641395894,23.95,23.95,23.94,23.95,23.943,66,14
1641395895,23.95,23.95,23.94,23.95,23.948,153,23
1641395896,23.95,23.95,23.94,23.94,23.948,16,5
1641395897,23.95,23.97,23.94,23.96,23.952,468,76
1641395898,23.96,23.97,23.96,23.96,23.966,291,25
1641395899,23.96,23.97,23.96,23.96,23.966,119,15
1641395900,23.96,23.97,23.95,23.96,23.96,161,51
1641395901,23.95,23.96,23.95,23.96,23.954,25,9
1641395902,23.96,23.96,23.95,23.95,23.959,114,9
1641395903,23.96,23.97,23.95,23.96,23.96,541,21
1641395904,23.96,23.97,23.95,23.96,23.954,174,20
1641395905,23.96,23.96,23.95,23.96,23.957,72,13
1641395906,23.96,23.96,23.95,23.96,23.955,79,12
1641395907,23.96,23.97,23.95,23.96,23.958,107,45
1641395908,23.96,23.97,23.96,23.96,23.963,48,8
1641395909,23.96,23.97,23.96,23.96,23.968,39,16
1641395910,23.96,23.97,23.96,23.96,23.965,42,8
1641395911,23.96,23.97,23.96,23.96,23.963,43,4
1641395912,23.97,23.97,23.96,23.97,23.963,44,7
1641395913,23.97,23.98,23.96,23.97,23.97,131,22
1641395914,23.97,23.98,23.96,23.96,23.968,439,63
1641395915,23.96,23.97,23.95,23.95,23.955,82,32
1641395916,23.95,23.96,23.95,23.96,23.956,40,17
1641395917,23.96,23.96,23.95,23.96,23.951,438,72
1641395918,23.94,23.95,23.94,23.95,23.947,126,36
1641395919,23.95,23.95,23.94,23.94,23.941,116,32
1641395920,23.94,23.95,23.93,23.94,23.935,400,67
1641395921,23.93,23.94,23.93,23.94,23.937,77,18
1641395922,23.94,23.94,23.93,23.93,23.932,79,6
1641395923,23.93,23.94,23.93,23.93,23.933,27,10
1641395924,23.93,23.95,23.93,23.95,23.945,228,48
1641395925,23.95,23.95,23.94,23.94,23.942,60,17
1641395926,23.94,23.95,23.94,23.95,23.944,60,21
1641395927,23.95,23.95,23.92,23.92,23.93,465,94
1641395928,23.93,23.93,23.92,23.92,23.925,125,16
1641395929,23.92,23.93,23.92,23.92,23.921,18,11
1641395930,23.93,23.93,23.92,23.92,23.921,332,33
1641395931,23.92,23.92,23.91,23.91,23.914,118,20
1641395932,23.92,23.92,23.91,23.92,23.912,106,20
1641395933,23.91,23.92,23.91,23.92,23.914,35,15
1641395934,23.91,23.92,23.91,23.91,23.91,182,21
1641395935,23.91,23.92,23.91,23.91,23.911,61,21
1641395936,23.92,23.92,23.91,23.92,23.918,11,5
1641395937,23.91,23.92,23.91,23.91,23.911,91,15
1641395938,23.91,23.91,23.9,23.91,23.91,51,13
1641395939,23.91,23.91,23.9,23.91,23.907,32,4
1641395940,23.9,23.91,23.9,23.91,23.908,3,2
1641395941,23.9,23.91,23.9,23.9,23.901,278,36
1641395942,23.91,23.91,23.89,23.89,23.892,409,30
1641395943,23.89,23.9,23.89,23.89,23.894,101,36
1641395944,23.9,23.9,23.89,23.89,23.892,110,6
1641395945,23.89,23.9,23.89,23.9,23.899,448,54
1641395946,23.9,23.92,23.9,23.91,23.909,92,34
1641395947,23.91,23.92,23.91,23.92,23.918,135,12
1641395948,23.92,23.92,23.9,23.91,23.911,89,24
1641395949,23.91,23.91,23.9,23.91,23.908,34,4
1641395950,23.9,23.9,23.89,23.89,23.899,52,14
1641395951,23.9,23.9,23.89,23.9,23.892,41,6
1641395952,23.89,23.91,23.89,23.91,23.901,161,31
1641395953,23.9,23.91,23.9,23.9,23.9,55,4
1641395954,23.9,23.91,23.9,23.91,23.906,34,18
1641395955,23.91,23.91,23.9,23.91,23.906,94,10
1641395956,23.91,23.91,23.9,23.91,23.908,19,7
1641395957,23.91,23.91,23.9,23.91,23.905,10,3
1641395958,23.9,23.91,23.9,23.91,23.905,34,12
1641395959,23.91,23.92,23.9,23.92,23.911,291,64
1641395960,23.91,23.92,23.91,23.92,23.911,9,5
1641395961,23.92,23.92,23.91,23.92,23.919,28,15
1641395962,23.92,23.92,23.91,23.91,23.912,50,21
1641395963,23.91,23.93,23.91,23.93,23.92,70,19
1641395964,23.92,23.93,23.92,23.93,23.929,42,19
1641395965,23.93,23.94,23.92,23.94,23.929,195,60
1641395966,23.93,23.94,23.93,23.94,23.939,116,19
1641395967,23.94,23.94,23.93,23.93,23.939,145,10
1641395968,23.93,23.94,23.93,23.94,23.937,21,6
1641395969,23.93,23.94,23.93,23.93,23.935,22,10
1641395970,23.94,23.94,23.93,23.93,23.933,6,2
1641395971,23.94,23.94,23.93,23.93,23.932,22,4
1641395972,23.93,23.94,23.93,23.93,23.932,22,3
1641395973,23.94,23.95,23.93,23.94,23.942,239,22
1641395974,23.95,23.95,23.94,23.94,23.943,101,5
1641395975,23.94,23.95,23.94,23.95,23.948,130,37
1641395976,23.95,23.95,23.94,23.95,23.95,374,86
1641395977,23.95,23.95,23.93,23.94,23.943,164,30
1641395978,23.94,23.94,23.93,23.93,23.934,15,7
1641395979,23.94,23.94,23.93,23.94,23.933,43,16
1641395980,23.93,23.94,23.93,23.93,23.93,6,6
1641395981,23.94,23.94,23.92,23.93,23.93,93,10
1641395982,23.92,23.93,23.92,23.92,23.922,9,3
1641395983,23.93,23.93,23.92,23.92,23.924,14,7
1641395984,23.92,23.93,23.92,23.93,23.924,66,6
1641395985,23.93,23.93,23.92,23.93,23.93,0,0
1641395986,23.93,23.93,23.92,23.92,23.922,48,9
1641395987,23.93,23.93,23.92,23.92,23.927,110,8
1641395988,23.93,23.93,23.92,23.93,23.923,122,5
1641395989,23.92,23.93,23.92,23.93,23.922,38,4
1641395990,23.93,23.93,23.92,23.92,23.921,25,3
1641395991,23.92,23.93,23.92,23.92,23.921,119,25
1641395992,23.91,23.93,23.91,23.92,23.918,50,10
1641395993,23.92,23.92,23.91,23.92,23.918,16,2
1641395994,23.92,23.92,23.91,23.91,23.912,7,4
1641395995,23.91,23.92,23.91,23.91,23.911,20,1
1641395996,23.91,23.92,23.9,23.91,23.908,378,77
1641395997,23.91,23.91,23.9,23.91,23.905,5,2
1641395998,23.91,23.91,23.9,23.91,23.906,30,7
1641395999,23.91,23.91,23.9,23.9,23.904,14,4
1641396000,23.91,23.92,23.9,23.91,23.91,126,25
1641396001,23.92,23.92,23.91,23.92,23.915,73,30
1641396002,23.92,23.92,23.91,23.92,23.92,49,4
1641396003,23.92,23.92,23.91,23.91,23.92,23,3
1641396004,23.92,23.93,23.91,23.92,23.922,49,24
1641396005,23.92,23.93,23.92,23.93,23.924,24,5
1641396006,23.93,23.94,23.92,23.94,23.929,81,26
1641396007,23.94,23.94,23.93,23.94,23.939,177,16
1641396008,23.94,23.94,23.92,23.93,23.936,131,26
1641396009,23.93,23.93,23.92,23.93,23.929,32,3
1641396010,23.93,23.94,23.92,23.93,23.931,18,12
1641396011,23.93,23.94,23.93,23.94,23.935,136,15
1641396012,23.94,23.94,23.93,23.94,23.937,51,6
1641396013,23.94,23.94,23.93,23.94,23.938,43,8
1641396014,23.94,23.94,23.93,23.94,23.936,41,7
1641396015,23.94,23.94,23.93,23.94,23.934,70,11
1641396016,23.94,23.94,23.93,23.93,23.935,8,5
1641396017,23.94,23.94,23.93,23.93,23.932,156,33
1641396018,23.94,23.94,23.93,23.94,23.936,24,12
1641396019,23.93,23.94,23.93,23.94,23.938,4,3
1641396020,23.94,23.94,23.93,23.94,23.938,41,16
1641396021,23.94,23.95,23.93,23.94,23.942,154,34
1641396022,23.95,23.95,23.93,23.94,23.941,216,47
1641396023,23.93,23.94,23.92,23.93,23.929,172,49
1641396024,23.94,23.94,23.93,23.94,23.932,38,11
1641396025,23.94,23.94,23.93,23.94,23.935,15,3
1641396026,23.94,23.94,23.93,23.94,23.938,14,5
1641396027,23.94,23.94,23.93,23.94,23.935,89,14
1641396028,23.94,23.94,23.93,23.94,23.938,26,8
1641396029,23.93,23.94,23.93,23.94,23.934,5,2
1641396030,23.93,23.95,23.93,23.95,23.947,593,36
1641396031,23.95,23.96,23.94,23.95,23.95,305,77
1641396032,23.95,23.95,23.94,23.94,23.949,34,9
1641396033,23.95,23.95,23.94,23.95,23.95,59,9
1641396034,23.94,23.95,23.94,23.95,23.944,22,4
1641396035,23.95,23.95,23.94,23.95,23.95,19,4
1641396036,23.95,23.95,23.94,23.95,23.942,77,18
1641396037,23.95,23.95,23.94,23.94,23.944,63,10
1641396038,23.95,23.95,23.94,23.94,23.942,11,3
1641396039,23.94,23.95,23.94,23.95,23.944,34,10
1641396040,23.94,23.95,23.94,23.94,23.943,50,20
1641396041,23.94,23.95,23.94,23.95,23.94,111,9
1641396042,23.95,23.95,23.94,23.94,23.944,12,3
1641396043,23.94,23.95,23.94,23.94,23.941,10,2
1641396044,23.94,23.95,23.94,23.94,23.941,5,1
1641396045,23.95,23.95,23.94,23.94,23.947,260,36
1641396046,23.94,23.94,23.93,23.94,23.937,22,9
1641396047,23.93,23.94,23.93,23.94,23.938,25,10
1641396048,23.94,23.95,23.93,23.94,23.94,103,49
1641396049,23.94,23.94,23.93,23.94,23.935,3,1
1641396050,23.94,23.94,23.93,23.93,23.936,4,2
1641396051,23.94,23.94,23.93,23.94,23.934,18,13
1641396052,23.94,23.94,23.93,23.93,23.931,50,7
1641396053,23.94,23.94,23.93,23.94,23.936,7,5
1641396054,23.94,23.94,23.93,23.93,23.931,48,29
1641396055,23.94,23.94,23.93,23.93,23.936,47,23
1641396056,23.93,23.93,23.93,23.93,23.93,5,1
1641396057,23.94,23.94,23.93,23.94,23.939,20,4
1641396058,23.93,23.94,23.93,23.93,23.933,6,2
1641396059,23.93,23.94,23.93,23.94,23.937,142,23
1641396060,23.94,23.94,23.93,23.94,23.935,55,7
1641396061,23.94,23.94,23.93,23.93,23.935,8,2
1641396062,23.94,23.94,23.92,23.93,23.926,256,60
1641396063,23.93,23.93,23.92,23.93,23.923,115,51
1641396064,23.93,23.93,23.92,23.92,23.921,129,72
1641396065,23.92,23.93,23.91,23.92,23.919,184,42
1641396066,23.93,23.93,23.92,23.93,23.922,350,137
1641396067,23.93,23.93,23.92,23.93,23.929,55,13
1641396068,23.93,23.93,23.92,23.93,23.923,76,11
1641396069,23.93,23.95,23.93,23.95,23.936,159,50
1641396070,23.94,23.95,23.94,23.95,23.943,54,5
1641396071,23.95,23.95,23.94,23.95,23.944,64,19
1641396072,23.95,23.95,23.93,23.93,23.94,92,43
1641396073,23.94,23.94,23.93,23.93,23.931,103,39
1641396074,23.93,23.94,23.92,23.94,23.931,48,16
1641396075,23.94,23.94,23.93,23.93,23.935,3,2
1641396076,23.94,23.94,23.93,23.94,23.933,44,11
1641396077,23.94,23.94,23.93,23.94,23.935,43,24
1641396078,23.94,23.94,23.93,23.93,23.93,147,33
1641396079,23.93,23.93,23.92,23.92,23.922,4,4
1641396080,23.93,23.93,23.92,23.93,23.928,165,38
1641396081,23.92,23.93,23.92,23.93,23.923,16,7
1641396082,23.93,23.93,23.91,23.93,23.92,114,45
1641396083,23.93,23.94,23.92,23.93,23.931,366,87
1641396084,23.94,23.94,23.93,23.93,23.937,19,10
1641396085,23.94,23.94,23.93,23.94,23.933,19,5
1641396086,23.94,23.95,23.94,23.95,23.94,78,22
1641396087,23.95,23.95,23.94,23.94,23.947,291,63
1641396088,23.95,23.95,23.94,23.95,23.947,123,45
1641396089,23.95,23.95,23.93,23.94,23.94,163,42
1641396090,23.94,23.94,23.93,23.93,23.934,24,5
1641396091,23.94,23.95,23.93,23.95,23.938,105,25
1641396092,23.95,23.95,23.94,23.94,23.946,18,10
1641396093,23.95,23.95,23.94,23.94,23.945,8,3
1641396094,23.95,23.95,23.94,23.95,23.948,62,6
1641396095,23.94,23.95,23.94,23.95,23.946,8,6
1641396096,23.94,23.95,23.93,23.94,23.94,94,29
1641396097,23.94,23.94,23.93,23.93,23.934,9,4
1641396098,23.94,23.94,23.93,23.94,23.934,16,6
1641396099,23.94,23.94,23.93,23.94,23.938,25,10
1641396100,23.94,23.94,23.93,23.94,23.937,3,2
1641396101,23.94,23.96,23.93,23.95,23.946,349,78
1641396102,23.96,23.96,23.95,23.96,23.957,336,50
1641396103,23.96,23.96,23.95,23.96,23.952,94,17
1641396104,23.96,23.96,23.95,23.96,23.954,31,13
1641396105,23.96,23.96,23.95,23.95,23.955,17,5
1641396106,23.96,23.96,23.95,23.96,23.955,17,7
1641396107,23.96,23.96,23.95,23.96,23.955,69,6
1641396108,23.96,23.96,23.95,23.96,23.955,11,3
1641396109,23.96,23.96,23.95,23.96,23.955,18,2
1641396110,23.95,23.96,23.95,23.96,23.952,36,2
1641396111,23.95,23.96,23.95,23.96,23.954,31,12
1641396112,23.96,23.96,23.95,23.96,23.955,44,22
1641396113,23.96,23.96,23.95,23.95,23.952,17,7
1641396114,23.96,23.96,23.95,23.95,23.956,9,5
1641396115,23.95,23.96,23.95,23.95,23.952,49,7
1641396116,23.95,23.96,23.95,23.96,23.951,42,10
1641396117,23.95,23.96,23.95,23.96,23.955,69,13
1641396118,23.96,23.96,23.95,23.96,23.957,32,9
1641396119,23.96,23.96,23.95,23.96,23.959,56,5
1641396120,23.95,23.97,23.95,23.96,23.962,284,60
1641396121,23.96,23.97,23.96,23.96,23.962,8,2
1641396122,23.96,23.97,23.96,23.97,23.969,61,8
1641396123,23.96,23.98,23.96,23.98,23.971,227,67
1641396124,23.98,23.99,23.97,23.99,23.986,756,110
1641396125,23.98,23.99,23.98,23.98,23.985,30,12
1641396126,23.99,23.99,23.98,23.98,23.982,82,8
1641396127,23.98,24.0,23.98,24.0,23.997,634,154
1641396128,24.0,24.0,23.99,24.0,23.997,113,27
1641396129,24.0,24.0,23.99,24.0,23.996,242,23
1641396130,23.99,24.0,23.99,24.0,23.995,306,19
1641396131,24.0,24.0,23.99,23.99,23.992,289,48
1641396132,24.0,24.0,23.99,23.99,23.995,25,8
1641396133,23.99,24.0,23.99,23.99,23.994,153,26
1641396134,23.99,24.0,23.98,23.99,23.99,837,167
1641396135,23.99,24.02,23.99,24.01,24.001,1883,247
1641396136,24.01,24.02,24.0,24.01,24.011,323,94
1641396137,24.01,24.02,24.0,24.01,24.004,177,29
1641396138,24.01,24.02,24.0,24.02,24.01,156,39
1641396139,24.01,24.02,24.01,24.01,24.015,110,20
1641396140,24.01,24.02,24.01,24.01,24.015,44,15
1641396141,24.02,24.02,24.01,24.01,24.017,122,34
1641396142,24.02,24.02,24.01,24.02,24.019,131,29
1641396143,24.02,24.02,24.01,24.02,24.017,79,14
1641396144,24.02,24.02,24.01,24.02,24.018,50,10
1641396145,24.02,24.03,24.01,24.03,24.021,86,20
1641396146,24.02,24.03,24.02,24.02,24.023,191,17
1641396147,24.03,24.04,24.02,24.03,24.03,350,93
1641396148,24.03,24.03,24.02,24.03,24.028,80,23
1641396149,24.02,24.03,24.02,24.03,24.025,244,37
1641396150,24.02,24.03,24.02,24.03,24.025,81,16
1641396151,24.02,24.03,24.01,24.01,24.017,572,160
1641396152,24.02,24.02,24.01,24.02,24.013,214,24
1641396153,24.01,24.02,24.01,24.02,24.012,48,28
1641396154,24.01,24.02,24.01,24.02,24.018,75,12
1641396155,24.02,24.02,24.01,24.02,24.019,36,9
1641396156,24.02,24.02,24.01,24.01,24.015,87,10
1641396157,24.02,24.02,24.01,24.01,24.013,137,11
1641396158,24.02,24.02,24.01,24.02,24.019,85,26
1641396159,24.02,24.02,24.01,24.02,24.017,39,6
1641396160,24.01,24.02,24.01,24.02,24.013,65,9
1641396161,24.02,24.03,24.01,24.03,24.023,203,51
1641396162,24.03,24.04,24.02,24.03,24.031,28,20
1641396163,24.04,24.04,24.03,24.04,24.037,66,16
1641396164,24.04,24.04,24.03,24.04,24.035,24,6
1641396165,24.04,24.06,24.03,24.05,24.048,780,124
1641396166,24.05,24.07,24.05,24.06,24.06,264,71
1641396167,24.05,24.07,24.05,24.06,24.06,164,42
1641396168,24.05,24.07,24.05,24.07,24.063,285,67
1641396169,24.08,24.08,24.06,24.08,24.072,76,27
1641396170,24.08,24.09,24.06,24.07,24.077,576,140
1641396171,24.07,24.07,24.06,24.06,24.066,326,60
1641396172,24.07,24.07,24.06,24.07,24.065,271,36
1641396173,24.07,24.07,24.06,24.07,24.069,75,17
1641396174,24.07,24.07,24.06,24.06,24.065,238,43
1641396175,24.07,24.07,24.06,24.06,24.067,82,26
1641396176,24.07,24.08,24.06,24.07,24.07,172,32
1641396177,24.07,24.08,24.07,24.08,24.073,139,20
1641396178,24.08,24.08,24.07,24.07,24.077,46,14
1641396179,24.08,24.09,24.07,24.09,24.08,121,24
1641396180,24.09,24.09,24.08,24.08,24.084,10,4
1641396181,24.08,24.09,24.07,24.08,24.079,149,44
1641396182,24.08,24.08,24.07,24.07,24.073,71,11
1641396183,24.08,24.08,24.07,24.08,24.076,17,9
1641396184,24.08,24.08,24.07,24.08,24.075,49,17
1641396185,24.07,24.08,24.07,24.08,24.075,27,7
1641396186,24.07,24.08,24.07,24.07,24.074,45,17
1641396187,24.07,24.08,24.07,24.08,24.076,70,23
1641396188,24.08,24.08,24.07,24.07,24.072,151,30
1641396189,24.07,24.08,24.07,24.07,24.073,49,13
1641396190,24.08,24.08,24.07,24.07,24.072,76,7
1641396191,24.08,24.08,24.07,24.08,24.072,153,17
1641396192,24.08,24.09,24.07,24.08,24.08,145,52
1641396193,24.09,24.09,24.08,24.09,24.086,85,17
1641396194,24.09,24.1,24.09,24.1,24.096,225,50
1641396195,24.09,24.11,24.09,24.1,24.102,414,68
1641396196,24.11,24.12,24.09,24.1,24.105,390,130
1641396197,24.1,24.1,24.08,24.09,24.093,339,57
1641396198,24.09,24.09,24.08,24.09,24.088,111,16
1641396199,24.09,24.09,24.08,24.09,24.086,34,15
1641396200,24.09,24.09,24.08,24.09,24.085,177,11
1641396201,24.09,24.09,24.08,24.09,24.088,42,9
1641396202,24.08,24.1,24.08,24.09,24.09,363,50
1641396203,24.09,24.1,24.06,24.07,24.072,780,130
1641396204,24.07,24.07,24.06,24.06,24.062,64,18
1641396205,24.07,24.07,24.05,24.07,24.064,369,54
1641396206,24.07,24.07,24.06,24.07,24.067,33,10
1641396207,24.07,24.07,24.06,24.07,24.064,124,40
1641396208,24.07,24.07,24.06,24.07,24.067,175,30
1641396209,24.07,24.07,24.06,24.07,24.067,49,12
1641396210,24.06,24.07,24.06,24.07,24.062,40,16
1641396211,24.07,24.07,24.06,24.07,24.061,40,23
1641396212,24.06,24.07,24.03,24.04,24.05,476,136
1641396213,24.04,24.04,24.03,24.03,24.038,127,32
1641396214,24.04,24.05,24.03,24.05,24.039,123,33
1641396215,24.05,24.05,24.03,24.04,24.043,76,11
1641396216,24.05,24.05,24.04,24.04,24.049,37,4
1641396217,24.05,24.05,24.04,24.04,24.041,152,8
1641396218,24.05,24.06,24.04,24.06,24.05,124,40
1641396219,24.05,24.06,24.04,24.05,24.051,136,39
1641396220,24.05,24.06,24.04,24.05,24.051,375,45
1641396221,24.05,24.06,24.05,24.06,24.055,109,36
1641396222,24.05,24.07,24.05,24.07,24.06,147,33
1641396223,24.07,24.07,24.06,24.07,24.068,247,68
1641396224,24.06,24.07,24.06,24.06,24.061,46,10
1641396225,24.07,24.07,24.06,24.06,24.062,99,37
1641396226,24.05,24.06,24.05,24.05,24.055,22,5
1641396227,24.05,24.06,24.05,24.05,24.056,23,8
1641396228,24.06,24.06,24.05,24.05,24.051,58,12
1641396229,24.06,24.06,24.05,24.06,24.059,23,5
1641396230,24.06,24.06,24.05,24.06,24.06,78,23
1641396231,24.06,24.07,24.06,24.07,24.062,34,9
1641396232,24.07,24.07,24.06,24.07,24.069,82,25
1641396233,24.07,24.07,24.06,24.06,24.068,52,9
1641396234,24.07,24.08,24.06,24.08,24.071,171,62
1641396235,24.07,24.08,24.07,24.07,24.073,52,10
1641396236,24.07,24.08,24.07,24.08,24.076,130,29
1641396237,24.08,24.1,24.07,24.09,24.085,348,52
1641396238,24.09,24.1,24.09,24.1,24.097,65,24
1641396239,24.09,24.1,24.09,24.1,24.097,15,8
1641396240,24.1,24.11,24.1,24.1,24.102,370,60
1641396241,24.11,24.11,24.09,24.1,24.1,320,63
1641396242,24.1,24.1,24.09,24.1,24.096,116,33
1641396243,24.1,24.11,24.09,24.1,24.1,163,36
1641396244,24.11,24.11,24.1,24.11,24.108,128,19
1641396245,24.11,24.11,24.1,24.1,24.108,45,20
1641396246,24.11,24.11,24.1,24.1,24.101,151,11
1641396247,24.1,24.11,24.1,24.1,24.107,128,39
1641396248,24.11,24.12,24.1,24.11,24.109,215,65
1641396249,24.1,24.11,24.1,24.11,24.107,152,26
1641396250,24.1,24.11,24.1,24.11,24.104,21,6
1641396251,24.11,24.13,24.1,24.12,24.117,270,57
1641396252,24.12,24.13,24.12,24.13,24.125,166,23
1641396253,24.13,24.13,24.12,24.12,24.124,212,29
1641396254,24.13,24.13,24.12,24.12,24.121,366,35
1641396255,24.13,24.13,24.12,24.13,24.124,52,10
1641396256,24.13,24.13,24.12,24.13,24.128,243,44
1641396257,24.13,24.13,24.12,24.13,24.124,57,27
1641396258,24.13,24.13,24.12,24.13,24.128,12,9
1641396259,24.13,24.14,24.12,24.14,24.136,181,57
1641396260,24.14,24.14,24.13,24.13,24.135,130,42
1641396261,24.13,24.14,24.13,24.13,24.136,190,50
1641396262,24.14,24.16,24.13,24.16,24.143,931,129
1641396263,24.16,24.17,24.15,24.16,24.159,184,57
1641396264,24.17,24.17,24.14,24.15,24.151,510,91
1641396265,24.14,24.15,24.14,24.14,24.146,459,51
1641396266,24.14,24.15,24.14,24.14,24.142,279,71
1641396267,24.14,24.15,24.13,24.14,24.138,422,78
1641396268,24.13,24.14,24.13,24.14,24.138,20,9
1641396269,24.14,24.14,24.13,24.14,24.134,43,17
1641396270,24.14,24.15,24.13,24.14,24.139,363,62
1641396271,24.14,24.14,24.13,24.14,24.134,19,9
1641396272,24.14,24.14,24.13,24.14,24.136,22,6
1641396273,24.14,24.14,24.13,24.14,24.136,40,15
1641396274,24.13,24.14,24.13,24.14,24.134,95,7
1641396275,24.13,24.14,24.13,24.14,24.133,154,27
1641396276,24.14,24.14,24.12,24.13,24.13,318,107
1641396277,24.12,24.13,24.12,24.12,24.122,42,14
1641396278,24.13,24.13,24.12,24.12,24.128,34,12
1641396279,24.13,24.13,24.12,24.13,24.128,28,11
1641396280,24.12,24.13,24.12,24.13,24.123,51,12
1641396281,24.13,24.13,24.12,24.13,24.125,91,13
1641396282,24.13,24.13,24.12,24.12,24.125,28,12
1641396283,24.12,24.13,24.12,24.12,24.125,117,19
1641396284,24.12,24.13,24.11,24.11,24.12,204,62
1641396285,24.12,24.13,24.11,24.12,24.118,114,26
1641396286,24.12,24.13,24.12,24.13,24.123,22,9
1641396287,24.12,24.13,24.12,24.12,24.123,87,9
1641396288,24.13,24.13,24.12,24.12,24.126,15,7
1641396289,24.12,24.13,24.12,24.13,24.122,103,9
1641396290,24.13,24.13,24.12,24.13,24.123,17,7
1641396291,24.13,24.14,24.12,24.13,24.13,247,48
1641396292,24.13,24.14,24.13,24.14,24.134,38,11
1641396293,24.13,24.14,24.13,24.13,24.133,84,7
1641396294,24.13,24.15,24.13,24.15,24.143,228,82
1641396295,24.15,24.15,24.14,24.15,24.148,12,2
1641396296,24.15,24.16,24.14,24.15,24.15,221,53
1641396297,24.14,24.15,24.14,24.14,24.146,21,8
1641396298,24.15,24.15,24.14,24.14,24.149,216,9
1641396299,24.14,24.15,24.14,24.15,24.148,24,8
1641396300,24.14,24.15,24.14,24.14,24.146,47,15
1641396301,24.14,24.15,24.13,24.14,24.139,167,45
1641396302,24.14,24.14,24.12,24.12,24.132,171,54
1641396303,24.13,24.14,24.12,24.13,24.127,155,40
1641396304,24.13,24.13,24.12,24.13,24.125,26,13
1641396305,24.13,24.13,24.12,24.13,24.121,129,17
1641396306,24.13,24.13,24.12,24.12,24.123,92,9
1641396307,24.13,24.13,24.11,24.13,24.121,381,98
1641396308,24.13,24.14,24.12,24.13,24.131,93,20
1641396309,24.14,24.14,24.12,24.13,24.126,291,58
1641396310,24.13,24.13,24.11,24.11,24.12,115,31
1641396311,24.12,24.12,24.11,24.12,24.114,98,14
1641396312,24.12,24.14,24.11,24.14,24.131,158,33
1641396313,24.13,24.15,24.13,24.15,24.138,76,24
1641396314,24.14,24.15,24.14,24.14,24.141,64,8
1641396315,24.14,24.15,24.14,24.14,24.144,56,28
1641396316,24.14,24.16,24.14,24.15,24.15,291,62
1641396317,24.15,24.16,24.15,24.16,24.158,249,83
1641396318,24.16,24.17,24.16,24.17,24.164,99,15
1641396319,24.16,24.17,24.16,24.17,24.166,117,18
1641396320,24.17,24.18,24.16,24.17,24.17,241,66
1641396321,24.17,24.18,24.16,24.17,24.171,90,29
1641396322,24.18,24.18,24.17,24.17,24.175,141,41
1641396323,24.18,24.18,24.16,24.18,24.171,236,74
1641396324,24.17,24.18,24.17,24.18,24.18,357,61
1641396325,24.18,24.19,24.17,24.18,24.18,365,45
1641396326,24.17,24.18,24.17,24.17,24.172,28,6
1641396327,24.17,24.18,24.17,24.17,24.171,49,9
1641396328,24.18,24.18,24.16,24.17,24.167,386,48
1641396329,24.17,24.17,24.16,24.17,24.164,62,10
1641396330,24.17,24.17,24.16,24.16,24.167,61,8
1641396331,24.17,24.17,24.16,24.17,24.163,15,4
1641396332,24.16,24.17,24.16,24.17,24.166,37,8
1641396333,24.17,24.19,24.16,24.18,24.178,383,93
1641396334,24.18,24.18,24.17,24.18,24.18,401,37
1641396335,24.18,24.19,24.17,24.18,24.179,295,80
1641396336,24.17,24.18,24.17,24.18,24.174,23,16
1641396337,24.18,24.18,24.17,24.18,24.178,102,19
1641396338,24.18,24.18,24.17,24.18,24.178,21,12
1641396339,24.18,24.18,24.17,24.18,24.174,201,31
1641396340,24.18,24.19,24.17,24.19,24.18,154,57
1641396341,24.18,24.19,24.18,24.18,24.18,192,37
1641396342,24.18,24.19,24.18,24.18,24.184,27,3
1641396343,24.18,24.19,24.18,24.18,24.186,150,25
1641396344,24.19,24.19,24.18,24.18,24.182,176,39
1641396345,24.18,24.18,24.17,24.18,24.177,189,53
1641396346,24.18,24.18,24.17,24.17,24.171,52,6
1641396347,24.18,24.18,24.17,24.18,24.178,50,13
1641396348,24.18,24.18,24.17,24.17,24.178,45,13
1641396349,24.18,24.18,24.17,24.18,24.178,24,6
1641396350,24.18,24.18,24.17,24.18,24.179,8,7
1641396351,24.18,24.18,24.17,24.18,24.175,51,12
1641396352,24.17,24.19,24.17,24.19,24.182,254,49
1641396353,24.19,24.2,24.18,24.19,24.193,453,71
1641396354,24.19,24.2,24.19,24.19,24.194,211,27
1641396355,24.2,24.2,24.18,24.19,24.185,328,45
1641396356,24.18,24.19,24.17,24.18,24.182,242,40
1641396357,24.17,24.19,24.17,24.19,24.179,323,63
1641396358,24.19,24.19,24.18,24.18,24.184,80,8
1641396359,24.18,24.19,24.18,24.19,24.185,55,13
1641396360,24.18,24.19,24.18,24.19,24.186,66,18
1641396361,24.19,24.19,24.18,24.19,24.185,77,14
1641396362,24.19,24.19,24.18,24.19,24.19,31,19
1641396363,24.19,24.19,24.18,24.19,24.187,158,34
1641396364,24.19,24.2,24.18,24.2,24.195,213,28
1641396365,24.2,24.2,24.19,24.19,24.197,481,40
1641396366,24.2,24.2,24.19,24.2,24.199,119,48
1641396367,24.2,24.2,24.19,24.2,24.198,37,12
1641396368,24.2,24.2,24.19,24.2,24.198,71,21
1641396369,24.19,24.2,24.19,24.2,24.192,41,8
1641396370,24.2,24.2,24.19,24.2,24.198,15,7
1641396371,24.2,24.2,24.19,24.2,24.192,47,7
1641396372,24.19,24.2,24.19,24.2,24.193,46,11
1641396373,24.2,24.22,24.19,24.22,24.205,518,80
1641396374,24.21,24.22,24.21,24.21,24.215,34,11
1641396375,24.22,24.22,24.21,24.21,24.215,433,27
1641396376,24.22,24.22,24.21,24.21,24.218,140,38
1641396377,24.21,24.22,24.2,24.2,24.207,322,94
1641396378,24.2,24.21,24.2,24.2,24.204,91,9
1641396379,24.21,24.21,24.2,24.21,24.207,17,11
1641396380,24.21,24.21,24.2,24.21,24.206,321,20
1641396381,24.21,24.21,24.2,24.21,24.201,193,9
1641396382,24.21,24.21,24.2,24.21,24.208,12,5
1641396383,24.21,24.21,24.2,24.21,24.208,52,11
1641396384,24.21,24.21,24.19,24.2,24.202,285,51
1641396385,24.2,24.2,24.19,24.19,24.195,95,22
1641396386,24.2,24.2,24.19,24.2,24.194,107,12
1641396387,24.2,24.2,24.19,24.2,24.195,66,17
1641396388,24.2,24.21,24.19,24.2,24.2,459,81
1641396389,24.2,24.2,24.19,24.2,24.199,20,8
1641396390,24.2,24.21,24.19,24.2,24.199,319,84
1641396391,24.2,24.2,24.19,24.19,24.193,114,16
1641396392,24.19,24.2,24.18,24.18,24.185,515,95
1641396393,24.18,24.19,24.17,24.18,24.173,591,101
1641396394,24.17,24.18,24.17,24.18,24.172,178,45
1641396395,24.18,24.19,24.17,24.19,24.18,167,57
1641396396,24.19,24.19,24.18,24.19,24.187,83,21
1641396397,24.19,24.19,24.17,24.17,24.178,227,27
1641396398,24.18,24.18,24.16,24.16,24.17,165,57
1641396399,24.17,24.17,24.16,24.16,24.163,92,9
1641396400,24.17,24.17,24.16,24.17,24.168,17,3
1641396401,24.17,24.17,24.15,24.16,24.157,248,61
1641396402,24.15,24.16,24.15,24.16,24.157,140,41
1641396403,24.16,24.17,24.16,24.16,24.161,51,10
1641396404,24.16,24.17,24.15,24.15,24.156,85,19
1641396405,24.15,24.16,24.15,24.16,24.155,72,19
1641396406,24.15,24.17,24.15,24.16,24.161,68,17
1641396407,24.16,24.17,24.15,24.16,24.157,244,54
1641396408,24.16,24.16,24.15,24.16,24.153,161,31
1641396409,24.16,24.16,24.15,24.15,24.157,32,6
1641396410,24.15,24.16,24.15,24.16,24.156,41,12
1641396411,24.16,24.16,24.15,24.16,24.153,43,9
1641396412,24.16,24.16,24.15,24.15,24.155,3,2
1641396413,24.16,24.16,24.15,24.16,24.156,18,6
1641396414,24.16,24.17,24.15,24.17,24.16,83,18
1641396415,24.16,24.18,24.16,24.18,24.172,65,21
1641396416,24.18,24.18,24.17,24.18,24.174,64,22
1641396417,24.17,24.18,24.17,24.18,24.174,69,12
1641396418,24.18,24.18,24.17,24.18,24.179,75,19
1641396419,24.18,24.19,24.17,24.18,24.181,146,45
1641396420,24.18,24.18,24.17,24.17,24.178,135,24
1641396421,24.17,24.18,24.16,24.18,24.17,121,19
1641396422,24.18,24.18,24.17,24.18,24.175,17,5
1641396423,24.17,24.18,24.17,24.18,24.176,122,26
1641396424,24.18,24.18,24.17,24.17,24.174,36,10
1641396425,24.18,24.18,24.16,24.16,24.163,96,20
1641396426,24.17,24.17,24.16,24.17,24.169,113,40
1641396427,24.16,24.17,24.16,24.17,24.167,14,8
1641396428,24.17,24.17,24.16,24.17,24.162,91,12
1641396429,24.17,24.18,24.16,24.18,24.176,60,9
1641396430,24.18,24.18,24.17,24.17,24.17,30,3
1641396431,24.17,24.18,24.17,24.18,24.172,58,7
1641396432,24.18,24.19,24.17,24.19,24.181,91,34
1641396433,24.18,24.19,24.18,24.18,24.184,141,21
1641396434,24.18,24.2,24.18,24.19,24.194,615,46
1641396435,24.19,24.2,24.19,24.2,24.197,40,16
1641396436,24.2,24.2,24.19,24.2,24.192,53,7
1641396437,24.2,24.2,24.18,24.19,24.193,161,53
1641396438,24.19,24.2,24.19,24.2,24.19,52,13
1641396439,24.2,24.2,24.19,24.2,24.194,7,3
1641396440,24.2,24.2,24.19,24.19,24.191,17,6
1641396441,24.2,24.2,24.19,24.2,24.192,66,7
1641396442,24.19,24.2,24.19,24.2,24.195,29,18
1641396443,24.2,24.21,24.19,24.21,24.201,506,100
1641396444,24.2,24.21,24.2,24.21,24.208,53,17
1641396445,24.2,24.21,24.2,24.21,24.202,66,6
1641396446,24.2,24.21,24.2,24.2,24.205,280,42
1641396447,24.21,24.21,24.2,24.21,24.204,33,8
1641396448,24.21,24.21,24.2,24.2,24.207,11,5
1641396449,24.2,24.21,24.2,24.2,24.202,26,6
1641396450,24.21,24.21,24.19,24.2,24.199,406,78
1641396451,24.19,24.2,24.19,24.19,24.191,94,44
1641396452,24.19,24.2,24.19,24.2,24.196,114,42
1641396453,24.2,24.2,24.19,24.19,24.194,33,7
1641396454,24.2,24.2,24.19,24.2,24.197,76,5
1641396455,24.2,24.2,24.19,24.19,24.192,119,7
1641396456,24.2,24.2,24.19,24.19,24.195,138,24
1641396457,24.2,24.2,24.19,24.19,24.197,68,23
1641396458,24.19,24.2,24.19,24.2,24.191,70,10
1641396459,24.2,24.2,24.19,24.19,24.196,103,20
1641396460,24.2,24.2,24.19,24.19,24.198,52,9
1641396461,24.19,24.2,24.19,24.2,24.199,494,9
1641396462,24.2,24.21,24.19,24.2,24.201,422,92
1641396463,24.21,24.22,24.2,24.22,24.214,695,82
1641396464,24.21,24.22,24.21,24.21,24.214,167,40
1641396465,24.21,24.22,24.2,24.21,24.21,77,24
1641396466,24.2,24.21,24.2,24.2,24.205,31,9
1641396467,24.2,24.21,24.2,24.21,24.202,54,10
1641396468,24.2,24.21,24.2,24.2,24.2,119,4
1641396469,24.2,24.21,24.2,24.21,24.203,39,5
1641396470,24.21,24.21,24.2,24.21,24.209,5,3
1641396471,24.2,24.21,24.2,24.2,24.204,15,4
1641396472,24.21,24.21,24.2,24.21,24.21,284,4
1641396473,24.21,24.21,24.2,24.2,24.207,21,2
1641396474,24.21,24.21,24.2,24.2,24.206,24,13
1641396475,24.21,24.21,24.2,24.21,24.205,121,24
1641396476,24.21,24.21,24.21,24.21,24.21,22,8
1641396477,24.21,24.21,24.2,24.2,24.209,163,40
1641396478,24.21,24.21,24.2,24.2,24.207,31,7
1641396479,24.21,24.21,24.2,24.21,24.202,244,64
1641396480,24.2,24.21,24.19,24.2,24.197,275,64
1641396481,24.2,24.2,24.19,24.19,24.191,34,24
1641396482,24.2,24.2,24.19,24.19,24.194,85,10
1641396483,24.19,24.19,24.18,24.18,24.183,229,38
1641396484,24.19,24.19,24.18,24.18,24.184,132,10
1641396485,24.19,24.19,24.18,24.19,24.185,39,10
1641396486,24.18,24.19,24.18,24.19,24.182,17,4
1641396487,24.19,24.19,24.17,24.17,24.179,183,76
1641396488,24.18,24.18,24.17,24.17,24.172,67,9
1641396489,24.17,24.18,24.17,24.17,24.171,173,18
1641396490,24.17,24.18,24.16,24.17,24.166,302,78
1641396491,24.17,24.17,24.16,24.16,24.166,183,44
1641396492,24.17,24.18,24.16,24.18,24.172,86,22
1641396493,24.18,24.18,24.17,24.17,24.174,122,51
1641396494,24.18,24.18,24.17,24.17,24.171,75,9
1641396495,24.17,24.18,24.16,24.17,24.169,86,52
1641396496,24.17,24.17,24.16,24.17,24.167,120,25
1641396497,24.17,24.17,24.16,24.17,24.168,103,26
1641396498,24.17,24.17,24.16,24.17,24.167,28,14
1641396499,24.17,24.17,24.16,24.16,24.162,78,7
1641396500,24.16,24.17,24.16,24.17,24.166,57,8
1641396501,24.17,24.17,24.16,24.17,24.162,110,18
1641396502,24.17,24.18,24.16,24.17,24.17,98,41
1641396503,24.18,24.18,24.17,24.18,24.175,18,5
1641396504,24.18,24.18,24.17,24.17,24.172,12,6
1641396505,24.18,24.18,24.17,24.17,24.175,123,19
1641396506,24.18,24.18,24.17,24.17,24.173,12,2
1641396507,24.17,24.18,24.17,24.18,24.174,11,2
1641396508,24.18,24.19,24.17,24.18,24.18,76,35
1641396509,24.18,24.19,24.18,24.18,24.183,34,14
1641396510,24.19,24.19,24.18,24.19,24.186,86,21
1641396511,24.19,24.19,24.18,24.19,24.182,42,10
1641396512,24.19,24.19,24.18,24.18,24.187,60,11
1641396513,24.19,24.19,24.18,24.19,24.187,10,1
1641396514,24.18,24.19,24.18,24.19,24.183,26,7
1641396515,24.19,24.19,24.18,24.19,24.186,10,6
1641396516,24.19,24.19,24.18,24.19,24.188,20,2
1641396517,24.19,24.19,24.18,24.18,24.185,21,3
1641396518,24.18,24.19,24.18,24.19,24.181,36,21
1641396519,24.19,24.19,24.18,24.19,24.185,40,14
1641396520,24.18,24.19,24.17,24.18,24.18,175,66
1641396521,24.18,24.18,24.17,24.17,24.175,7,3
1641396522,24.18,24.18,24.17,24.18,24.175,40,6
1641396523,24.18,24.18,24.17,24.18,24.177,21,10
1641396524,24.18,24.18,24.17,24.18,24.18,29,8
1641396525,24.17,24.18,24.17,24.18,24.171,265,5
1641396526,24.18,24.18,24.17,24.18,24.175,9,9
1641396527,24.17,24.18,24.17,24.18,24.174,58,12
1641396528,24.17,24.18,24.16,24.17,24.169,82,33
1641396529,24.16,24.17,24.16,24.16,24.162,73,5
1641396530,24.16,24.17,24.16,24.17,24.163,5,4
1641396531,24.17,24.17,24.16,24.16,24.161,63,24
1641396532,24.16,24.17,24.14,24.14,24.155,357,98
1641396533,24.15,24.16,24.14,24.15,24.15,178,33
1641396534,24.15,24.16,24.15,24.15,24.151,120,42
1641396535,24.16,24.16,24.14,24.14,24.15,66,26
1641396536,24.15,24.16,24.14,24.16,24.15,189,21
1641396537,24.15,24.16,24.15,24.15,24.152,69,7
1641396538,24.15,24.16,24.15,24.16,24.151,39,2
1641396539,24.16,24.16,24.15,24.15,24.152,11,3
1641396540,24.16,24.16,24.15,24.16,24.151,103,7
1641396541,24.15,24.16,24.15,24.15,24.15,264,9
1641396542,24.16,24.17,24.15,24.17,24.16,302,67
1641396543,24.17,24.17,24.16,24.16,24.161,348,17
1641396544,24.16,24.16,24.15,24.15,24.155,288,50
1641396545,24.16,24.16,24.15,24.15,24.155,57,6
1641396546,24.16,24.16,24.15,24.15,24.152,35,9
1641396547,24.16,24.16,24.14,24.14,24.146,393,69
1641396548,24.15,24.15,24.14,24.14,24.144,61,9
1641396549,24.14,24.15,24.14,24.14,24.141,74,22
1641396550,24.14,24.15,24.12,24.12,24.13,582,102
1641396551,24.12,24.14,24.12,24.13,24.129,555,94
1641396552,24.14,24.15,24.13,24.14,24.138,631,102
1641396553,24.14,24.14,24.13,24.14,24.136,68,17
1641396554,24.14,24.15,24.14,24.14,24.141,27,9
1641396555,24.14,24.15,24.14,24.14,24.142,27,9
1641396556,24.14,24.15,24.14,24.14,24.143,57,4
1641396557,24.15,24.15,24.14,24.15,24.143,70,15
1641396558,24.14,24.15,24.14,24.15,24.144,77,25
1641396559,24.14,24.15,24.14,24.14,24.141,35,17
1641396560,24.14,24.15,24.14,24.15,24.145,55,7
1641396561,24.15,24.15,24.14,24.14,24.148,69,22
1641396562,24.14,24.15,24.14,24.14,24.143,15,7
1641396563,24.15,24.15,24.14,24.14,24.143,89,9
1641396564,24.14,24.15,24.14,24.14,24.14,57,13
1641396565,24.14,24.15,24.14,24.15,24.145,49,24
1641396566,24.14,24.15,24.14,24.14,24.143,37,5
1641396567,24.14,24.15,24.14,24.14,24.14,14,5
1641396568,24.15,24.15,24.14,24.14,24.143,18,3
1641396569,24.15,24.15,24.14,24.14,24.146,20,3
1641396570,24.15,24.15,24.14,24.14,24.142,60,9
1641396571,24.14,24.15,24.14,24.15,24.143,22,7
1641396572,24.15,24.15,24.14,24.15,24.145,48,10
1641396573,24.14,24.15,24.14,24.14,24.143,101,15
1641396574,24.14,24.15,24.14,24.14,24.141,136,7
1641396575,24.14,24.15,24.14,24.14,24.143,23,3
1641396576,24.14,24.15,24.14,24.14,24.143,49,8
1641396577,24.15,24.15,24.14,24.15,24.149,288,63
1641396578,24.15,24.16,24.15,24.16,24.156,67,15
1641396579,24.16,24.16,24.15,24.16,24.159,170,24
1641396580,24.16,24.19,24.15,24.19,24.164,833,89
1641396581,24.19,24.19,24.17,24.19,24.187,237,67
1641396582,24.19,24.19,24.18,24.19,24.183,71,10
1641396583,24.19,24.19,24.17,24.18,24.18,161,42
1641396584,24.17,24.18,24.17,24.17,24.173,113,19
1641396585,24.18,24.18,24.17,24.18,24.171,136,13
1641396586,24.17,24.18,24.17,24.18,24.175,31,7
1641396587,24.18,24.18,24.17,24.18,24.175,20,1
1641396588,24.17,24.19,24.17,24.19,24.178,54,23
1641396589,24.18,24.18,24.17,24.18,24.179,177,37
1641396590,24.18,24.18,24.17,24.18,24.179,51,6
1641396591,24.17,24.18,24.17,24.18,24.178,48,7
1641396592,24.17,24.18,24.17,24.17,24.171,50,4
1641396593,24.18,24.19,24.18,24.19,24.182,69,22
1641396594,24.19,24.19,24.18,24.19,24.19,20,5
1641396595,24.19,24.2,24.18,24.2,24.19,232,63
1641396596,24.19,24.2,24.19,24.2,24.192,84,24
1641396597,24.2,24.2,24.19,24.19,24.194,59,6
1641396598,24.2,24.2,24.19,24.19,24.195,36,8
1641396599,24.2,24.2,24.19,24.2,24.198,157,7
