date,open,high,low,close,average,volume,count
1628254800,12.28,12.28,12.28,12.28,12.28,0,0
1628254801,12.28,12.28,12.28,12.28,12.28,0,0
1628254802,12.28,12.28,12.28,12.28,12.28,0,0
1628254803,12.28,12.28,12.28,12.28,12.28,0,0
1628254804,12.28,12.28,12.28,12.28,12.28,2,1
1628254805,12.28,12.28,12.28,12.28,12.28,0,0
1628254806,12.28,12.28,12.28,12.28,12.28,0,0
1628254807,12.28,12.28,12.28,12.28,12.28,0,0
1628254808,12.28,12.28,12.28,12.28,12.28,0,0
1628254809,12.28,12.28,12.28,12.28,12.28,0,0
1628254810,12.28,12.28,12.28,12.28,12.28,0,0
1628254811,12.28,12.28,12.28,12.28,12.28,0,0
1628254812,12.28,12.28,12.28,12.28,12.28,0,0
1628254813,12.28,12.28,12.28,12.28,12.28,0,0
1628254814,12.26,12.26,12.26,12.26,12.26,1,1
1628254815,12.26,12.26,12.26,12.26,12.26,4,1
1628254816,12.26,12.26,12.26,12.26,12.26,0,0
1628254817,12.2,12.2,12.2,12.2,12.2,5,1
1628254818,12.2,12.2,12.2,12.2,12.2,0,0
1628254819,12.2,12.2,12.2,12.2,12.2,0,0
1628254820,12.24,12.24,12.24,12.24,12.24,2,1
1628254821,12.24,12.24,12.24,12.24,12.24,1,1
1628254822,12.24,12.24,12.24,12.24,12.24,1,1
1628254823,12.24,12.24,12.24,12.24,12.24,0,0
1628254824,12.24,12.24,12.24,12.24,12.24,0,0
1628254825,12.24,12.24,12.24,12.24,12.24,0,0
1628254826,12.24,12.24,12.24,12.24,12.24,4,2
1628254827,12.24,12.24,12.24,12.24,12.24,0,0
1628254828,12.24,12.24,12.24,12.24,12.24,0,0
1628254829,12.24,12.24,12.24,12.24,12.24,0,0
1628254830,12.24,12.24,12.24,12.24,12.24,0,0
1628254831,12.24,12.24,12.24,12.24,12.24,0,0
1628254832,12.24,12.24,12.24,12.24,12.24,0,0
1628254833,12.24,12.24,12.24,12.24,12.24,0,0
1628254834,12.24,12.24,12.24,12.24,12.24,0,0
1628254835,12.24,12.24,12.24,12.24,12.24,0,0
1628254836,12.24,12.24,12.24,12.24,12.24,0,0
1628254837,12.24,12.24,12.24,12.24,12.24,0,0
1628254838,12.24,12.24,12.24,12.24,12.24,0,0
1628254839,12.24,12.24,12.24,12.24,12.24,0,0
1628254840,12.24,12.24,12.24,12.24,12.24,0,0
1628254841,12.24,12.24,12.24,12.24,12.24,0,0
1628254842,12.24,12.24,12.24,12.24,12.24,0,0
1628254843,12.26,12.26,12.25,12.26,12.26,1,1
1628254844,12.26,12.26,12.25,12.26,12.26,0,0
1628254845,12.26,12.26,12.25,12.26,12.26,0,0
1628254846,12.26,12.26,12.26,12.26,12.26,3,3
1628254847,12.26,12.26,12.26,12.26,12.26,0,0
1628254848,12.26,12.26,12.26,12.26,12.26,0,0
1628254849,12.26,12.26,12.26,12.26,12.26,0,0
1628254850,12.26,12.26,12.26,12.26,12.26,0,0
1628254851,12.24,12.24,12.24,12.24,12.24,59,1
1628254852,12.28,12.28,12.28,12.28,12.28,10,1
1628254853,12.28,12.28,12.28,12.28,12.28,0,0
1628254854,12.28,12.28,12.28,12.28,12.28,0,0
1628254855,12.28,12.28,12.28,12.28,12.28,0,0
1628254856,12.28,12.28,12.28,12.28,12.28,0,0
1628254857,12.27,12.27,12.27,12.27,12.27,3,2
1628254858,12.26,12.26,12.26,12.26,12.26,2,1
1628254859,12.26,12.26,12.26,12.26,12.26,0,0
1628254860,12.26,12.26,12.26,12.26,12.26,0,0
1628254861,12.26,12.26,12.26,12.26,12.26,0,0
1628254862,12.28,12.28,12.28,12.28,12.28,3,3
1628254863,12.28,12.28,12.28,12.28,12.28,0,0
1628254864,12.28,12.28,12.28,12.28,12.28,0,0
1628254865,12.28,12.28,12.28,12.28,12.28,0,0
1628254866,12.28,12.28,12.28,12.28,12.28,0,0
1628254867,12.28,12.28,12.28,12.28,12.28,0,0
1628254868,12.28,12.28,12.28,12.28,12.28,0,0
1628254869,12.28,12.28,12.28,12.28,12.28,2,1
1628254870,12.28,12.28,12.28,12.28,12.28,0,0
1628254871,12.28,12.28,12.28,12.28,12.28,1,1
1628254872,12.28,12.28,12.28,12.28,12.28,0,0
1628254873,12.28,12.28,12.28,12.28,12.28,2,1
1628254874,12.28,12.28,12.28,12.28,12.28,0,0
1628254875,12.3,12.3,12.28,12.28,12.282,37,2
1628254876,12.3,12.3,12.3,12.3,12.3,1,1
1628254877,12.3,12.3,12.3,12.3,12.3,29,1
1628254878,12.3,12.3,12.3,12.3,12.3,4,3
1628254879,12.3,12.3,12.3,12.3,12.3,0,0
1628254880,12.3,12.3,12.3,12.3,12.3,0,0
1628254881,12.3,12.3,12.3,12.3,12.3,0,0
1628254882,12.3,12.3,12.3,12.3,12.3,0,0
1628254883,12.3,12.3,12.3,12.3,12.3,0,0
1628254884,12.3,12.3,12.3,12.3,12.3,0,0
1628254885,12.3,12.3,12.3,12.3,12.3,0,0
1628254886,12.3,12.3,12.3,12.3,12.3,0,0
1628254887,12.35,12.35,12.35,12.35,12.35,1,1
1628254888,12.28,12.28,12.28,12.28,12.28,3,2
1628254889,12.28,12.28,12.28,12.28,12.28,0,0
1628254890,12.28,12.28,12.28,12.28,12.28,0,0
1628254891,12.28,12.28,12.28,12.28,12.28,0,0
1628254892,12.35,12.35,12.35,12.35,12.35,3,3
1628254893,12.35,12.35,12.35,12.35,12.35,0,0
1628254894,12.35,12.35,12.35,12.35,12.35,0,0
1628254895,12.33,12.33,12.33,12.33,12.33,1,1
1628254896,12.35,12.35,12.35,12.35,12.35,2,1
1628254897,12.35,12.35,12.35,12.35,12.35,0,0
1628254898,12.38,12.38,12.38,12.38,12.38,10,1
1628254899,12.38,12.38,12.38,12.38,12.38,0,0
1628254900,12.36,12.38,12.36,12.38,12.376,16,2
1628254901,12.38,12.38,12.38,12.38,12.38,0,0
1628254902,12.35,12.38,12.35,12.38,12.356,5,2
1628254903,12.38,12.38,12.38,12.38,12.38,17,1
1628254904,12.37,12.37,12.37,12.37,12.37,5,1
1628254905,12.37,12.37,12.37,12.37,12.37,0,0
1628254906,12.37,12.37,12.37,12.37,12.37,2,2
1628254907,12.35,12.35,12.35,12.35,12.35,1,1
1628254908,12.35,12.35,12.35,12.35,12.35,0,0
1628254909,12.37,12.37,12.37,12.37,12.37,5,3
1628254910,12.37,12.37,12.35,12.35,12.368,8,2
1628254911,12.37,12.37,12.37,12.37,12.37,3,2
1628254912,12.33,12.33,12.33,12.33,12.33,2,1
1628254913,12.33,12.33,12.33,12.33,12.33,0,0
1628254914,12.33,12.33,12.33,12.33,12.33,0,0
1628254915,12.34,12.34,12.34,12.34,12.34,9,1
1628254916,12.34,12.34,12.34,12.34,12.34,0,0
1628254917,12.35,12.35,12.35,12.35,12.35,10,1
1628254918,12.35,12.35,12.35,12.35,12.35,0,0
1628254919,12.35,12.35,12.35,12.35,12.35,0,0
1628254920,12.35,12.35,12.35,12.35,12.35,0,0
1628254921,12.35,12.35,12.35,12.35,12.35,0,0
1628254922,12.35,12.35,12.35,12.35,12.35,1,1
1628254923,12.35,12.35,12.35,12.35,12.35,0,0
1628254924,12.35,12.35,12.35,12.35,12.35,1,1
1628254925,12.35,12.35,12.35,12.35,12.35,0,0
1628254926,12.35,12.35,12.35,12.35,12.35,0,0
1628254927,12.35,12.35,12.35,12.35,12.35,1,1
1628254928,12.35,12.35,12.34,12.35,12.349,2,2
1628254929,12.35,12.35,12.35,12.35,12.35,0,0
1628254930,12.35,12.35,12.35,12.35,12.35,0,0
1628254931,12.35,12.35,12.35,12.35,12.35,9,1
1628254932,12.31,12.35,12.3,12.35,12.304,17,6
1628254933,12.35,12.35,12.35,12.35,12.35,0,0
1628254934,12.35,12.35,12.35,12.35,12.35,0,0
1628254935,12.35,12.35,12.35,12.35,12.35,0,0
1628254936,12.35,12.35,12.35,12.35,12.35,0,0
1628254937,12.35,12.35,12.35,12.35,12.35,0,0
1628254938,12.28,12.28,12.28,12.28,12.28,5,1
1628254939,12.3,12.3,12.3,12.3,12.3,4,2
1628254940,12.3,12.3,12.3,12.3,12.3,1,1
1628254941,12.3,12.3,12.3,12.3,12.3,0,0
1628254942,12.3,12.3,12.3,12.3,12.3,0,0
1628254943,12.3,12.3,12.3,12.3,12.3,0,0
1628254944,12.3,12.3,12.3,12.3,12.3,0,0
1628254945,12.3,12.3,12.3,12.3,12.3,0,0
1628254946,12.3,12.3,12.3,12.3,12.3,0,0
1628254947,12.3,12.3,12.3,12.3,12.3,2,1
1628254948,12.3,12.3,12.3,12.3,12.3,0,0
1628254949,12.28,12.28,12.28,12.28,12.28,1,1
1628254950,12.28,12.28,12.28,12.28,12.28,0,0
1628254951,12.28,12.28,12.28,12.28,12.28,4,1
1628254952,12.28,12.28,12.28,12.28,12.28,0,0
1628254953,12.28,12.28,12.28,12.28,12.28,0,0
1628254954,12.28,12.28,12.28,12.28,12.28,0,0
1628254955,12.28,12.28,12.28,12.28,12.28,0,0
1628254956,12.28,12.28,12.28,12.28,12.28,0,0
1628254957,12.28,12.28,12.28,12.28,12.28,0,0
1628254958,12.28,12.28,12.28,12.28,12.28,0,0
1628254959,12.28,12.28,12.28,12.28,12.28,0,0
1628254960,12.28,12.28,12.28,12.28,12.28,0,0
1628254961,12.28,12.28,12.28,12.28,12.28,0,0
1628254962,12.3,12.3,12.3,12.3,12.3,4,1
1628254963,12.3,12.3,12.3,12.3,12.3,1,1
1628254964,12.3,12.3,12.3,12.3,12.3,0,0
1628254965,12.3,12.3,12.3,12.3,12.3,0,0
1628254966,12.3,12.3,12.3,12.3,12.3,0,0
1628254967,12.3,12.3,12.3,12.3,12.3,0,0
1628254968,12.3,12.3,12.3,12.3,12.3,0,0
1628254969,12.28,12.28,12.2,12.2,12.216,64,17
1628254970,12.17,12.17,12.17,12.17,12.17,7,3
1628254971,12.17,12.17,12.17,12.17,12.17,0,0
1628254972,12.17,12.17,12.17,12.17,12.17,0,0
1628254973,12.17,12.17,12.17,12.17,12.17,0,0
1628254974,12.17,12.17,12.17,12.17,12.17,0,0
1628254975,12.16,12.16,12.16,12.16,12.16,20,1
1628254976,12.16,12.16,12.16,12.16,12.16,4,1
1628254977,12.16,12.16,12.16,12.16,12.16,1,1
1628254978,12.16,12.16,12.16,12.16,12.16,0,0
1628254979,12.18,12.18,12.18,12.18,12.18,1,1
1628254980,12.18,12.2,12.18,12.2,12.196,5,2
1628254981,12.2,12.2,12.2,12.2,12.2,0,0
1628254982,12.2,12.2,12.2,12.2,12.2,0,0
1628254983,12.2,12.2,12.2,12.2,12.2,0,0
1628254984,12.2,12.2,12.2,12.2,12.2,0,0
1628254985,12.2,12.2,12.2,12.2,12.2,0,0
1628254986,12.2,12.2,12.2,12.2,12.2,0,0
1628254987,12.2,12.2,12.2,12.2,12.2,0,0
1628254988,12.2,12.2,12.2,12.2,12.2,0,0
1628254989,12.28,12.28,12.28,12.28,12.28,4,1
1628254990,12.28,12.28,12.28,12.28,12.28,4,1
1628254991,12.28,12.28,12.28,12.28,12.28,0,0
1628254992,12.28,12.28,12.28,12.28,12.28,0,0
1628254993,12.28,12.28,12.28,12.28,12.28,0,0
1628254994,12.2,12.2,12.2,12.2,12.2,4,1
1628254995,12.2,12.2,12.2,12.2,12.2,0,0
1628254996,12.2,12.2,12.2,12.2,12.2,0,0
1628254997,12.2,12.2,12.2,12.2,12.2,0,0
1628254998,12.2,12.2,12.2,12.2,12.2,0,0
1628254999,12.2,12.2,12.2,12.2,12.2,0,0
1628255000,12.25,12.25,12.25,12.25,12.25,4,2
1628255001,12.25,12.25,12.25,12.25,12.25,5,1
1628255002,12.25,12.25,12.25,12.25,12.25,0,0
1628255003,12.25,12.25,12.25,12.25,12.25,0,0
1628255004,12.25,12.25,12.25,12.25,12.25,0,0
1628255005,12.25,12.25,12.25,12.25,12.25,0,0
1628255006,12.25,12.25,12.25,12.25,12.25,1,1
1628255007,12.25,12.25,12.25,12.25,12.25,0,0
1628255008,12.25,12.25,12.25,12.25,12.25,0,0
1628255009,12.25,12.25,12.25,12.25,12.25,1,1
1628255010,12.28,12.28,12.28,12.28,12.28,7,1
1628255011,12.28,12.28,12.28,12.28,12.28,0,0
1628255012,12.28,12.28,12.28,12.28,12.28,0,0
1628255013,12.28,12.28,12.28,12.28,12.28,0,0
1628255014,12.28,12.28,12.28,12.28,12.28,0,0
1628255015,12.28,12.28,12.28,12.28,12.28,0,0
1628255016,12.28,12.28,12.28,12.28,12.28,0,0
1628255017,12.28,12.28,12.28,12.28,12.28,0,0
1628255018,12.28,12.28,12.28,12.28,12.28,0,0
1628255019,12.28,12.28,12.28,12.28,12.28,0,0
1628255020,12.28,12.28,12.28,12.28,12.28,0,0
1628255021,12.28,12.28,12.28,12.28,12.28,0,0
1628255022,12.28,12.28,12.28,12.28,12.28,0,0
1628255023,12.28,12.28,12.28,12.28,12.28,0,0
1628255024,12.28,12.28,12.28,12.28,12.28,0,0
1628255025,12.28,12.28,12.28,12.28,12.28,0,0
1628255026,12.28,12.28,12.28,12.28,12.28,0,0
1628255027,12.28,12.28,12.28,12.28,12.28,0,0
1628255028,12.28,12.28,12.28,12.28,12.28,0,0
1628255029,12.28,12.28,12.28,12.28,12.28,0,0
1628255030,12.22,12.22,12.22,12.22,12.22,1,1
1628255031,12.22,12.22,12.22,12.22,12.22,0,0
1628255032,12.22,12.22,12.22,12.22,12.22,0,0
1628255033,12.22,12.22,12.22,12.22,12.22,1,1
1628255034,12.22,12.22,12.22,12.22,12.22,0,0
1628255035,12.22,12.22,12.22,12.22,12.22,1,1
1628255036,12.22,12.22,12.22,12.22,12.22,0,0
1628255037,12.25,12.25,12.2,12.25,12.244,17,3
1628255038,12.22,12.22,12.22,12.22,12.22,2,1
1628255039,12.22,12.22,12.22,12.22,12.22,0,0
1628255040,12.22,12.22,12.22,12.22,12.22,0,0
1628255041,12.22,12.22,12.22,12.22,12.22,0,0
1628255042,12.22,12.22,12.22,12.22,12.22,0,0
1628255043,12.2,12.2,12.2,12.2,12.2,6,3
1628255044,12.2,12.2,12.2,12.2,12.2,1,1
1628255045,12.2,12.2,12.2,12.2,12.2,0,0
1628255046,12.2,12.2,12.19,12.19,12.198,4,4
1628255047,12.19,12.19,12.19,12.19,12.19,1,1
1628255048,12.19,12.19,12.19,12.19,12.19,1,1
1628255049,12.21,12.21,12.21,12.21,12.21,14,3
1628255050,12.21,12.21,12.21,12.21,12.21,0,0
1628255051,12.21,12.21,12.21,12.21,12.21,1,1
1628255052,12.21,12.21,12.21,12.21,12.21,0,0
1628255053,12.21,12.21,12.21,12.21,12.21,0,0
1628255054,12.18,12.2,12.18,12.2,12.188,4,2
1628255055,12.2,12.2,12.2,12.2,12.2,0,0
1628255056,12.2,12.2,12.2,12.2,12.2,0,0
1628255057,12.2,12.2,12.2,12.2,12.2,0,0
1628255058,12.21,12.25,12.21,12.25,12.221,7,2
1628255059,12.25,12.25,12.25,12.25,12.25,0,0
1628255060,12.25,12.25,12.25,12.25,12.25,0,0
1628255061,12.25,12.25,12.25,12.25,12.25,0,0
1628255062,12.25,12.25,12.25,12.25,12.25,3,1
1628255063,12.21,12.21,12.2,12.2,12.203,2,2
1628255064,12.2,12.2,12.2,12.2,12.2,0,0
1628255065,12.21,12.21,12.2,12.2,12.208,15,7
1628255066,12.2,12.2,12.2,12.2,12.2,0,0
1628255067,12.2,12.2,12.2,12.2,12.2,0,0
1628255068,12.2,12.2,12.2,12.2,12.2,0,0
1628255069,12.2,12.2,12.2,12.2,12.2,13,2
1628255070,12.2,12.21,12.2,12.21,12.203,5,2
1628255071,12.21,12.21,12.2,12.21,12.21,6,3
1628255072,12.21,12.21,12.21,12.21,12.21,0,0
1628255073,12.21,12.21,12.21,12.21,12.21,0,0
1628255074,12.2,12.2,12.2,12.2,12.2,1,1
1628255075,12.2,12.2,12.2,12.2,12.2,0,0
1628255076,12.2,12.2,12.2,12.2,12.2,0,0
1628255077,12.2,12.2,12.2,12.2,12.2,0,0
1628255078,12.2,12.2,12.2,12.2,12.2,1,1
1628255079,12.2,12.2,12.2,12.2,12.2,0,0
1628255080,12.2,12.2,12.2,12.2,12.2,19,4
1628255081,12.2,12.2,12.2,12.2,12.2,0,0
1628255082,12.2,12.2,12.2,12.2,12.2,0,0
1628255083,12.2,12.2,12.2,12.2,12.2,0,0
1628255084,12.2,12.2,12.2,12.2,12.2,0,0
1628255085,12.2,12.2,12.2,12.2,12.2,0,0
1628255086,12.2,12.2,12.2,12.2,12.2,0,0
1628255087,12.2,12.2,12.2,12.2,12.2,0,0
1628255088,12.2,12.2,12.2,12.2,12.2,0,0
1628255089,12.2,12.2,12.2,12.2,12.2,0,0
1628255090,12.2,12.2,12.2,12.2,12.2,0,0
1628255091,12.2,12.2,12.2,12.2,12.2,0,0
1628255092,12.2,12.2,12.2,12.2,12.2,0,0
1628255093,12.2,12.2,12.2,12.2,12.2,0,0
1628255094,12.2,12.2,12.2,12.2,12.2,0,0
1628255095,12.2,12.2,12.2,12.2,12.2,0,0
1628255096,12.2,12.2,12.2,12.2,12.2,0,0
1628255097,12.2,12.2,12.2,12.2,12.2,0,0
1628255098,12.18,12.18,12.18,12.18,12.18,5,4
1628255099,12.18,12.18,12.18,12.18,12.18,0,0
1628255100,12.18,12.18,12.18,12.18,12.18,1,1
1628255101,12.18,12.18,12.18,12.18,12.18,0,0
1628255102,12.18,12.18,12.18,12.18,12.18,0,0
1628255103,12.18,12.18,12.18,12.18,12.18,0,0
1628255104,12.18,12.18,12.17,12.18,12.18,32,3
1628255105,12.18,12.18,12.18,12.18,12.18,0,0
1628255106,12.18,12.18,12.18,12.18,12.18,0,0
1628255107,12.18,12.18,12.18,12.18,12.18,0,0
1628255108,12.18,12.18,12.18,12.18,12.18,0,0
1628255109,12.16,12.16,12.16,12.16,12.16,2,2
1628255110,12.16,12.16,12.16,12.16,12.16,0,0
1628255111,12.16,12.16,12.16,12.16,12.16,0,0
1628255112,12.16,12.16,12.16,12.16,12.16,0,0
1628255113,12.16,12.16,12.1,12.1,12.116,33,10
1628255114,12.1,12.1,12.1,12.1,12.1,0,0
1628255115,12.1,12.1,12.1,12.1,12.1,21,2
1628255116,12.1,12.1,12.1,12.1,12.1,0,0
1628255117,12.1,12.1,12.1,12.1,12.1,0,0
1628255118,12.1,12.1,12.1,12.1,12.1,5,1
1628255119,12.1,12.1,12.1,12.1,12.1,0,0
1628255120,12.1,12.1,12.1,12.1,12.1,0,0
1628255121,12.1,12.1,12.1,12.1,12.1,1,1
1628255122,12.1,12.1,12.1,12.1,12.1,1,1
1628255123,12.1,12.1,12.1,12.1,12.1,0,0
1628255124,12.1,12.1,12.1,12.1,12.1,1,1
1628255125,12.1,12.1,12.1,12.1,12.1,0,0
1628255126,12.1,12.1,12.1,12.1,12.1,0,0
1628255127,12.1,12.1,12.1,12.1,12.1,0,0
1628255128,12.1,12.1,12.1,12.1,12.1,1,1
1628255129,12.1,12.1,12.1,12.1,12.1,0,0
1628255130,12.1,12.1,12.1,12.1,12.1,0,0
1628255131,12.1,12.1,12.1,12.1,12.1,0,0
1628255132,12.15,12.15,12.15,12.15,12.15,1,1
1628255133,12.1,12.1,12.1,12.1,12.1,15,2
1628255134,12.1,12.1,12.1,12.1,12.1,0,0
1628255135,12.1,12.1,12.1,12.1,12.1,0,0
1628255136,12.1,12.1,12.1,12.1,12.1,0,0
1628255137,12.1,12.1,12.1,12.1,12.1,0,0
1628255138,12.1,12.1,12.1,12.1,12.1,0,0
1628255139,12.1,12.1,12.1,12.1,12.1,0,0
1628255140,12.1,12.1,12.1,12.1,12.1,0,0
1628255141,12.1,12.1,12.1,12.1,12.1,0,0
1628255142,12.1,12.1,12.1,12.1,12.1,0,0
1628255143,12.1,12.1,12.1,12.1,12.1,0,0
1628255144,12.1,12.1,12.1,12.1,12.1,0,0
1628255145,12.1,12.1,12.1,12.1,12.1,0,0
1628255146,12.1,12.1,12.1,12.1,12.1,0,0
1628255147,12.1,12.1,12.1,12.1,12.1,0,0
1628255148,12.1,12.1,12.1,12.1,12.1,0,0
1628255149,12.11,12.11,12.11,12.11,12.11,1,1
1628255150,12.1,12.1,12.1,12.1,12.1,1,1
1628255151,12.1,12.1,12.1,12.1,12.1,0,0
1628255152,12.15,12.15,12.15,12.15,12.15,1,1
1628255153,12.12,12.12,12.1,12.1,12.107,18,3
1628255154,12.15,12.15,12.15,12.15,12.15,2,2
1628255155,12.15,12.15,12.15,12.15,12.15,0,0
1628255156,12.15,12.15,12.15,12.15,12.15,0,0
1628255157,12.15,12.15,12.15,12.15,12.15,0,0
1628255158,12.15,12.15,12.15,12.15,12.15,0,0
1628255159,12.15,12.15,12.15,12.15,12.15,0,0
1628255160,12.15,12.15,12.15,12.15,12.15,0,0
1628255161,12.15,12.15,12.15,12.15,12.15,0,0
1628255162,12.1,12.1,12.1,12.1,12.1,7,1
1628255163,12.1,12.1,12.1,12.1,12.1,0,0
1628255164,12.1,12.1,12.1,12.1,12.1,1,1
1628255165,12.1,12.1,12.1,12.1,12.1,0,0
1628255166,12.1,12.1,12.1,12.1,12.1,0,0
1628255167,12.12,12.12,12.11,12.12,12.116,26,7
1628255168,12.14,12.15,12.14,12.14,12.143,1,1
1628255169,12.14,12.15,12.14,12.14,12.14,0,0
1628255170,12.14,12.15,12.14,12.14,12.14,0,0
1628255171,12.14,12.15,12.14,12.14,12.14,0,0
1628255172,12.14,12.15,12.14,12.14,12.14,0,0
1628255173,12.12,12.12,12.12,12.12,12.12,1,1
1628255174,12.12,12.12,12.12,12.12,12.12,0,0
1628255175,12.12,12.12,12.12,12.12,12.12,0,0
1628255176,12.12,12.12,12.12,12.12,12.12,0,0
1628255177,12.12,12.12,12.12,12.12,12.12,1,1
1628255178,12.12,12.12,12.12,12.12,12.12,0,0
1628255179,12.12,12.12,12.12,12.12,12.12,0,0
1628255180,12.12,12.12,12.12,12.12,12.12,5,1
1628255181,12.12,12.12,12.12,12.12,12.12,0,0
1628255182,12.12,12.12,12.12,12.12,12.12,2,2
1628255183,12.11,12.11,12.11,12.11,12.11,5,1
1628255184,12.11,12.11,12.11,12.11,12.11,0,0
1628255185,12.11,12.11,12.11,12.11,12.11,0,0
1628255186,12.11,12.11,12.11,12.11,12.11,0,0
1628255187,12.11,12.11,12.11,12.11,12.11,12,2
1628255188,12.11,12.11,12.11,12.11,12.11,0,0
1628255189,12.12,12.12,12.12,12.12,12.12,3,1
1628255190,12.12,12.12,12.12,12.12,12.12,0,0
1628255191,12.12,12.12,12.12,12.12,12.12,1,1
1628255192,12.12,12.12,12.12,12.12,12.12,0,0
1628255193,12.12,12.12,12.12,12.12,12.12,0,0
1628255194,12.12,12.12,12.12,12.12,12.12,4,1
1628255195,12.12,12.12,12.12,12.12,12.12,0,0
1628255196,12.12,12.12,12.12,12.12,12.12,0,0
1628255197,12.12,12.12,12.12,12.12,12.12,1,1
1628255198,12.12,12.12,12.12,12.12,12.12,0,0
1628255199,12.12,12.13,12.12,12.12,12.12,2,1
1628255200,12.12,12.13,12.12,12.12,12.12,0,0
1628255201,12.12,12.13,12.12,12.12,12.12,0,0
1628255202,12.12,12.13,12.12,12.12,12.12,0,0
1628255203,12.12,12.13,12.12,12.12,12.12,0,0
1628255204,12.12,12.13,12.12,12.12,12.12,0,0
1628255205,12.12,12.13,12.12,12.12,12.12,0,0
1628255206,12.12,12.13,12.12,12.12,12.12,0,0
1628255207,12.12,12.13,12.12,12.12,12.12,0,0
1628255208,12.12,12.13,12.12,12.12,12.12,0,0
1628255209,12.15,12.15,12.15,12.15,12.15,2,1
1628255210,12.15,12.15,12.15,12.15,12.15,0,0
1628255211,12.15,12.15,12.15,12.15,12.15,0,0
1628255212,12.13,12.13,12.13,12.13,12.13,1,1
1628255213,12.13,12.13,12.13,12.13,12.13,0,0
1628255214,12.13,12.13,12.13,12.13,12.13,0,0
1628255215,12.13,12.13,12.13,12.13,12.13,9,1
1628255216,12.13,12.13,12.13,12.13,12.13,0,0
1628255217,12.13,12.13,12.13,12.13,12.13,0,0
1628255218,12.13,12.13,12.13,12.13,12.13,0,0
1628255219,12.15,12.18,12.15,12.18,12.159,6,2
1628255220,12.18,12.18,12.18,12.18,12.18,0,0
1628255221,12.18,12.18,12.18,12.18,12.18,0,0
1628255222,12.16,12.16,12.16,12.16,12.16,2,1
1628255223,12.16,12.16,12.16,12.16,12.16,0,0
1628255224,12.16,12.16,12.16,12.16,12.16,0,0
1628255225,12.17,12.17,12.17,12.17,12.17,4,1
1628255226,12.17,12.17,12.17,12.17,12.17,0,0
1628255227,12.17,12.17,12.17,12.17,12.17,0,0
1628255228,12.17,12.17,12.17,12.17,12.17,0,0
1628255229,12.17,12.17,12.17,12.17,12.17,0,0
1628255230,12.16,12.16,12.16,12.16,12.16,1,1
1628255231,12.16,12.16,12.16,12.16,12.16,0,0
1628255232,12.16,12.16,12.16,12.16,12.16,0,0
1628255233,12.16,12.16,12.16,12.16,12.16,0,0
1628255234,12.16,12.16,12.16,12.16,12.16,0,0
1628255235,12.16,12.16,12.16,12.16,12.16,0,0
1628255236,12.16,12.16,12.16,12.16,12.16,0,0
1628255237,12.16,12.16,12.16,12.16,12.16,0,0
1628255238,12.16,12.16,12.16,12.16,12.16,0,0
1628255239,12.16,12.16,12.16,12.16,12.16,0,0
1628255240,12.16,12.16,12.16,12.16,12.16,0,0
1628255241,12.16,12.16,12.16,12.16,12.16,0,0
1628255242,12.16,12.16,12.16,12.16,12.16,0,0
1628255243,12.16,12.16,12.16,12.16,12.16,0,0
1628255244,12.17,12.17,12.17,12.17,12.17,1,1
1628255245,12.17,12.17,12.17,12.17,12.17,0,0
1628255246,12.17,12.17,12.17,12.17,12.17,0,0
1628255247,12.17,12.17,12.17,12.17,12.17,0,0
1628255248,12.17,12.17,12.17,12.17,12.17,0,0
1628255249,12.17,12.17,12.17,12.17,12.17,0,0
1628255250,12.17,12.17,12.17,12.17,12.17,0,0
1628255251,12.17,12.17,12.17,12.17,12.17,0,0
1628255252,12.17,12.17,12.17,12.17,12.17,0,0
1628255253,12.17,12.17,12.17,12.17,12.17,0,0
1628255254,12.17,12.17,12.17,12.17,12.17,0,0
1628255255,12.17,12.17,12.17,12.17,12.17,0,0
1628255256,12.17,12.17,12.17,12.17,12.17,0,0
1628255257,12.17,12.17,12.17,12.17,12.17,0,0
1628255258,12.17,12.17,12.17,12.17,12.17,0,0
1628255259,12.17,12.17,12.17,12.17,12.17,0,0
1628255260,12.17,12.17,12.17,12.17,12.17,0,0
1628255261,12.17,12.17,12.17,12.17,12.17,5,1
1628255262,12.17,12.17,12.17,12.17,12.17,1,1
1628255263,12.17,12.17,12.17,12.17,12.17,1,1
1628255264,12.2,12.2,12.2,12.2,12.2,7,1
1628255265,12.2,12.2,12.2,12.2,12.2,0,0
1628255266,12.2,12.2,12.2,12.2,12.2,0,0
1628255267,12.2,12.2,12.2,12.2,12.2,0,0
1628255268,12.2,12.2,12.2,12.2,12.2,0,0
1628255269,12.2,12.2,12.2,12.2,12.2,0,0
1628255270,12.2,12.2,12.2,12.2,12.2,0,0
1628255271,12.2,12.2,12.2,12.2,12.2,0,0
1628255272,12.2,12.2,12.2,12.2,12.2,0,0
1628255273,12.2,12.2,12.2,12.2,12.2,0,0
1628255274,12.2,12.2,12.2,12.2,12.2,0,0
1628255275,12.19,12.19,12.19,12.19,12.19,3,1
1628255276,12.19,12.19,12.19,12.19,12.19,0,0
1628255277,12.19,12.19,12.19,12.19,12.19,0,0
1628255278,12.2,12.2,12.2,12.2,12.2,2,1
1628255279,12.2,12.2,12.2,12.2,12.2,0,0
1628255280,12.2,12.2,12.2,12.2,12.2,1,1
1628255281,12.2,12.2,12.2,12.2,12.2,0,0
1628255282,12.2,12.2,12.2,12.2,12.2,0,0
1628255283,12.2,12.2,12.2,12.2,12.2,0,0
1628255284,12.2,12.2,12.2,12.2,12.2,0,0
1628255285,12.2,12.2,12.2,12.2,12.2,0,0
1628255286,12.2,12.2,12.19,12.2,12.2,1,1
1628255287,12.2,12.2,12.2,12.2,12.2,3,2
1628255288,12.2,12.2,12.2,12.2,12.2,0,0
1628255289,12.2,12.2,12.2,12.2,12.2,0,0
1628255290,12.2,12.2,12.2,12.2,12.2,0,0
1628255291,12.2,12.2,12.2,12.2,12.2,0,0
1628255292,12.2,12.2,12.2,12.2,12.2,0,0
1628255293,12.2,12.2,12.2,12.2,12.2,0,0
1628255294,12.2,12.2,12.2,12.2,12.2,0,0
1628255295,12.2,12.2,12.2,12.2,12.2,0,0
1628255296,12.2,12.2,12.2,12.2,12.2,2,1
1628255297,12.2,12.2,12.2,12.2,12.2,0,0
1628255298,12.2,12.2,12.2,12.2,12.2,0,0
1628255299,12.2,12.2,12.2,12.2,12.2,0,0
1628255300,12.2,12.2,12.19,12.2,12.2,2,2
1628255301,12.2,12.2,12.2,12.2,12.2,2,1
1628255302,12.2,12.2,12.2,12.2,12.2,0,0
1628255303,12.2,12.2,12.2,12.2,12.2,2,1
1628255304,12.2,12.2,12.2,12.2,12.2,6,2
1628255305,12.2,12.2,12.2,12.2,12.2,0,0
1628255306,12.2,12.2,12.2,12.2,12.2,0,0
1628255307,12.2,12.2,12.2,12.2,12.2,0,0
1628255308,12.19,12.19,12.19,12.19,12.19,8,1
1628255309,12.19,12.19,12.19,12.19,12.19,0,0
1628255310,12.19,12.19,12.19,12.19,12.19,0,0
1628255311,12.2,12.2,12.2,12.2,12.2,1,1
1628255312,12.2,12.2,12.2,12.2,12.2,0,0
1628255313,12.2,12.2,12.2,12.2,12.2,0,0
1628255314,12.2,12.2,12.2,12.2,12.2,0,0
1628255315,12.2,12.2,12.2,12.2,12.2,0,0
1628255316,12.21,12.21,12.21,12.21,12.21,3,1
1628255317,12.21,12.21,12.21,12.21,12.21,0,0
1628255318,12.21,12.21,12.21,12.21,12.21,0,0
1628255319,12.21,12.21,12.21,12.21,12.21,0,0
1628255320,12.21,12.21,12.21,12.21,12.21,2,1
1628255321,12.21,12.21,12.21,12.21,12.21,0,0
1628255322,12.21,12.21,12.21,12.21,12.21,0,0
1628255323,12.21,12.21,12.21,12.21,12.21,0,0
1628255324,12.21,12.21,12.21,12.21,12.21,0,0
1628255325,12.21,12.21,12.21,12.21,12.21,0,0
1628255326,12.21,12.21,12.21,12.21,12.21,0,0
1628255327,12.21,12.21,12.21,12.21,12.21,0,0
1628255328,12.21,12.21,12.21,12.21,12.21,0,0
1628255329,12.21,12.21,12.21,12.21,12.21,0,0
1628255330,12.21,12.21,12.21,12.21,12.21,0,0
1628255331,12.21,12.21,12.21,12.21,12.21,3,1
1628255332,12.21,12.21,12.21,12.21,12.21,0,0
1628255333,12.21,12.21,12.2,12.21,12.21,7,3
1628255334,12.21,12.21,12.21,12.21,12.21,2,1
1628255335,12.21,12.21,12.21,12.21,12.21,1,1
1628255336,12.21,12.21,12.21,12.21,12.21,0,0
1628255337,12.21,12.21,12.21,12.21,12.21,3,1
1628255338,12.21,12.21,12.21,12.21,12.21,10,1
1628255339,12.21,12.21,12.21,12.21,12.21,0,0
1628255340,12.21,12.21,12.21,12.21,12.21,2,1
1628255341,12.21,12.21,12.21,12.21,12.21,0,0
1628255342,12.21,12.21,12.21,12.21,12.21,0,0
1628255343,12.21,12.21,12.21,12.21,12.21,0,0
1628255344,12.21,12.21,12.21,12.21,12.21,0,0
1628255345,12.21,12.21,12.21,12.21,12.21,0,0
1628255346,12.21,12.21,12.21,12.21,12.21,0,0
1628255347,12.2,12.2,12.2,12.2,12.2,1,1
1628255348,12.2,12.2,12.2,12.2,12.2,0,0
1628255349,12.2,12.2,12.2,12.2,12.2,0,0
1628255350,12.2,12.2,12.2,12.2,12.2,0,0
1628255351,12.21,12.21,12.21,12.21,12.21,2,1
1628255352,12.21,12.21,12.21,12.21,12.21,0,0
1628255353,12.21,12.21,12.21,12.21,12.21,4,2
1628255354,12.21,12.21,12.21,12.21,12.21,0,0
1628255355,12.21,12.21,12.21,12.21,12.21,0,0
1628255356,12.21,12.21,12.21,12.21,12.21,0,0
1628255357,12.21,12.21,12.21,12.21,12.21,1,1
1628255358,12.21,12.21,12.21,12.21,12.21,0,0
1628255359,12.2,12.21,12.2,12.21,12.201,22,2
1628255360,12.21,12.21,12.21,12.21,12.21,0,0
1628255361,12.21,12.21,12.21,12.21,12.21,0,0
1628255362,12.21,12.21,12.21,12.21,12.21,0,0
1628255363,12.21,12.21,12.21,12.21,12.21,2,2
1628255364,12.21,12.21,12.21,12.21,12.21,0,0
1628255365,12.21,12.21,12.21,12.21,12.21,0,0
1628255366,12.21,12.21,12.21,12.21,12.21,0,0
1628255367,12.21,12.21,12.21,12.21,12.21,0,0
1628255368,12.21,12.21,12.21,12.21,12.21,9,1
1628255369,12.21,12.21,12.21,12.21,12.21,0,0
1628255370,12.21,12.21,12.21,12.21,12.21,1,1
1628255371,12.2,12.2,12.2,12.2,12.2,1,1
1628255372,12.21,12.21,12.21,12.21,12.21,8,1
1628255373,12.21,12.21,12.21,12.21,12.21,0,0
1628255374,12.21,12.21,12.21,12.21,12.21,0,0
1628255375,12.21,12.21,12.21,12.21,12.21,0,0
1628255376,12.21,12.21,12.21,12.21,12.21,0,0
1628255377,12.21,12.21,12.21,12.21,12.21,0,0
1628255378,12.21,12.21,12.21,12.21,12.21,0,0
1628255379,12.21,12.21,12.21,12.21,12.21,0,0
1628255380,12.21,12.21,12.21,12.21,12.21,0,0
1628255381,12.21,12.21,12.21,12.21,12.21,0,0
1628255382,12.21,12.21,12.21,12.21,12.21,0,0
1628255383,12.21,12.21,12.21,12.21,12.21,0,0
1628255384,12.21,12.21,12.21,12.21,12.21,0,0
1628255385,12.21,12.21,12.21,12.21,12.21,0,0
1628255386,12.21,12.21,12.21,12.21,12.21,0,0
1628255387,12.24,12.24,12.24,12.24,12.24,1,1
1628255388,12.24,12.24,12.24,12.24,12.24,0,0
1628255389,12.24,12.24,12.24,12.24,12.24,0,0
1628255390,12.24,12.24,12.24,12.24,12.24,9,4
1628255391,12.24,12.24,12.24,12.24,12.24,0,0
1628255392,12.24,12.24,12.24,12.24,12.24,1,1
1628255393,12.24,12.24,12.24,12.24,12.24,0,0
1628255394,12.24,12.24,12.24,12.24,12.24,0,0
1628255395,12.24,12.24,12.24,12.24,12.24,0,0
1628255396,12.24,12.24,12.24,12.24,12.24,0,0
1628255397,12.24,12.24,12.24,12.24,12.24,0,0
1628255398,12.24,12.24,12.24,12.24,12.24,0,0
1628255399,12.24,12.24,12.24,12.24,12.24,0,0
1628255400,12.24,12.24,12.24,12.24,12.24,0,0
1628255401,12.24,12.24,12.24,12.24,12.24,0,0
1628255402,12.24,12.24,12.24,12.24,12.24,0,0
1628255403,12.24,12.24,12.24,12.24,12.24,0,0
1628255404,12.24,12.24,12.24,12.24,12.24,0,0
1628255405,12.24,12.24,12.24,12.24,12.24,0,0
1628255406,12.21,12.21,12.21,12.21,12.21,5,1
1628255407,12.21,12.21,12.21,12.21,12.21,0,0
1628255408,12.21,12.21,12.21,12.21,12.21,10,1
1628255409,12.21,12.21,12.21,12.21,12.21,0,0
1628255410,12.21,12.21,12.21,12.21,12.21,0,0
1628255411,12.21,12.21,12.21,12.21,12.21,9,1
1628255412,12.21,12.21,12.21,12.21,12.21,0,0
1628255413,12.21,12.21,12.21,12.21,12.21,0,0
1628255414,12.21,12.21,12.21,12.21,12.21,0,0
1628255415,12.21,12.21,12.21,12.21,12.21,0,0
1628255416,12.21,12.21,12.21,12.21,12.21,0,0
1628255417,12.23,12.23,12.21,12.21,12.22,2,2
1628255418,12.21,12.22,12.2,12.21,12.202,18,6
1628255419,12.21,12.22,12.21,12.21,12.21,0,0
1628255420,12.21,12.22,12.21,12.21,12.21,0,0
1628255421,12.21,12.22,12.21,12.21,12.21,0,0
1628255422,12.21,12.22,12.21,12.21,12.21,0,0
1628255423,12.21,12.22,12.21,12.21,12.21,0,0
1628255424,12.21,12.22,12.21,12.21,12.21,0,0
1628255425,12.21,12.22,12.21,12.21,12.21,0,0
1628255426,12.21,12.22,12.21,12.21,12.21,0,0
1628255427,12.21,12.22,12.21,12.21,12.21,0,0
1628255428,12.21,12.22,12.21,12.21,12.21,0,0
1628255429,12.21,12.22,12.21,12.21,12.21,0,0
1628255430,12.2,12.2,12.17,12.17,12.196,7,2
1628255431,12.17,12.17,12.17,12.17,12.17,0,0
1628255432,12.17,12.17,12.17,12.17,12.17,0,0
1628255433,12.17,12.17,12.17,12.17,12.17,0,0
1628255434,12.17,12.17,12.17,12.17,12.17,0,0
1628255435,12.17,12.17,12.17,12.17,12.17,0,0
1628255436,12.17,12.17,12.17,12.17,12.17,0,0
1628255437,12.21,12.21,12.21,12.21,12.21,2,1
1628255438,12.21,12.21,12.21,12.21,12.21,0,0
1628255439,12.21,12.21,12.21,12.21,12.21,0,0
1628255440,12.21,12.21,12.21,12.21,12.21,0,0
1628255441,12.21,12.21,12.21,12.21,12.21,0,0
1628255442,12.21,12.21,12.21,12.21,12.21,0,0
1628255443,12.21,12.21,12.21,12.21,12.21,0,0
1628255444,12.19,12.19,12.19,12.19,12.19,2,1
1628255445,12.19,12.19,12.19,12.19,12.19,0,0
1628255446,12.19,12.19,12.19,12.19,12.19,0,0
1628255447,12.19,12.19,12.19,12.19,12.19,0,0
1628255448,12.17,12.17,12.17,12.17,12.17,1,1
1628255449,12.17,12.17,12.17,12.17,12.17,0,0
1628255450,12.17,12.17,12.17,12.17,12.17,0,0
1628255451,12.17,12.17,12.17,12.17,12.17,0,0
1628255452,12.17,12.17,12.17,12.17,12.17,0,0
1628255453,12.17,12.17,12.17,12.17,12.17,0,0
1628255454,12.17,12.17,12.17,12.17,12.17,0,0
1628255455,12.17,12.17,12.17,12.17,12.17,0,0
1628255456,12.17,12.17,12.17,12.17,12.17,0,0
1628255457,12.17,12.17,12.17,12.17,12.17,1,1
1628255458,12.17,12.17,12.17,12.17,12.17,0,0
1628255459,12.17,12.17,12.17,12.17,12.17,0,0
1628255460,12.17,12.17,12.17,12.17,12.17,0,0
1628255461,12.17,12.17,12.17,12.17,12.17,0,0
1628255462,12.17,12.17,12.17,12.17,12.17,0,0
1628255463,12.17,12.17,12.17,12.17,12.17,0,0
1628255464,12.17,12.17,12.17,12.17,12.17,0,0
1628255465,12.17,12.17,12.17,12.17,12.17,0,0
1628255466,12.17,12.17,12.17,12.17,12.17,0,0
1628255467,12.17,12.17,12.17,12.17,12.17,0,0
1628255468,12.17,12.17,12.17,12.17,12.17,0,0
1628255469,12.19,12.19,12.19,12.19,12.19,2,1
1628255470,12.19,12.19,12.19,12.19,12.19,0,0
1628255471,12.2,12.2,12.2,12.2,12.2,4,1
1628255472,12.2,12.2,12.2,12.2,12.2,2,1
1628255473,12.2,12.2,12.2,12.2,12.2,0,0
1628255474,12.2,12.2,12.2,12.2,12.2,0,0
1628255475,12.2,12.2,12.2,12.2,12.2,0,0
1628255476,12.2,12.2,12.2,12.2,12.2,0,0
1628255477,12.2,12.2,12.2,12.2,12.2,0,0
1628255478,12.2,12.2,12.2,12.2,12.2,0,0
1628255479,12.2,12.2,12.2,12.2,12.2,0,0
1628255480,12.2,12.2,12.2,12.2,12.2,0,0
1628255481,12.2,12.2,12.2,12.2,12.2,0,0
1628255482,12.2,12.2,12.2,12.2,12.2,0,0
1628255483,12.2,12.2,12.2,12.2,12.2,0,0
1628255484,12.2,12.2,12.2,12.2,12.2,0,0
1628255485,12.2,12.2,12.2,12.2,12.2,0,0
1628255486,12.2,12.2,12.2,12.2,12.2,0,0
1628255487,12.2,12.2,12.19,12.19,12.191,17,2
1628255488,12.19,12.19,12.19,12.19,12.19,0,0
1628255489,12.19,12.19,12.19,12.19,12.19,0,0
1628255490,12.19,12.19,12.19,12.19,12.19,0,0
1628255491,12.19,12.19,12.19,12.19,12.19,0,0
1628255492,12.19,12.19,12.19,12.19,12.19,0,0
1628255493,12.19,12.19,12.19,12.19,12.19,2,1
1628255494,12.19,12.19,12.19,12.19,12.19,0,0
1628255495,12.19,12.19,12.19,12.19,12.19,0,0
1628255496,12.19,12.19,12.19,12.19,12.19,0,0
1628255497,12.19,12.19,12.19,12.19,12.19,0,0
1628255498,12.19,12.19,12.19,12.19,12.19,1,1
1628255499,12.19,12.19,12.19,12.19,12.19,0,0
1628255500,12.19,12.19,12.19,12.19,12.19,0,0
1628255501,12.19,12.19,12.19,12.19,12.19,0,0
1628255502,12.19,12.19,12.19,12.19,12.19,0,0
1628255503,12.19,12.19,12.15,12.15,12.157,58,11
1628255504,12.15,12.15,12.15,12.15,12.15,0,0
1628255505,12.15,12.15,12.15,12.15,12.15,0,0
1628255506,12.15,12.15,12.15,12.15,12.15,0,0
1628255507,12.15,12.15,12.15,12.15,12.15,1,1
1628255508,12.15,12.15,12.15,12.15,12.15,0,0
1628255509,12.15,12.15,12.15,12.15,12.15,0,0
1628255510,12.15,12.15,12.15,12.15,12.15,0,0
1628255511,12.15,12.15,12.15,12.15,12.15,0,0
1628255512,12.12,12.12,12.12,12.12,12.12,24,1
1628255513,12.12,12.12,12.12,12.12,12.12,0,0
1628255514,12.12,12.12,12.12,12.12,12.12,0,0
1628255515,12.12,12.12,12.12,12.12,12.12,0,0
1628255516,12.12,12.12,12.12,12.12,12.12,0,0
1628255517,12.12,12.12,12.12,12.12,12.12,0,0
1628255518,12.12,12.12,12.12,12.12,12.12,0,0
1628255519,12.12,12.12,12.12,12.12,12.12,0,0
1628255520,12.12,12.12,12.12,12.12,12.12,0,0
1628255521,12.12,12.12,12.12,12.12,12.12,0,0
1628255522,12.12,12.12,12.12,12.12,12.12,0,0
1628255523,12.12,12.12,12.12,12.12,12.12,0,0
1628255524,12.12,12.12,12.12,12.12,12.12,1,1
1628255525,12.12,12.12,12.12,12.12,12.12,0,0
1628255526,12.12,12.12,12.12,12.12,12.12,3,1
1628255527,12.14,12.14,12.14,12.14,12.14,5,1
1628255528,12.14,12.14,12.14,12.14,12.14,0,0
1628255529,12.14,12.14,12.14,12.14,12.14,0,0
1628255530,12.14,12.14,12.14,12.14,12.14,0,0
1628255531,12.12,12.12,12.12,12.12,12.12,1,1
1628255532,12.13,12.13,12.12,12.13,12.13,1,1
1628255533,12.12,12.12,12.12,12.12,12.12,19,2
1628255534,12.1,12.12,12.1,12.12,12.105,7,3
1628255535,12.12,12.12,12.12,12.12,12.12,5,1
1628255536,12.12,12.12,12.12,12.12,12.12,0,0
1628255537,12.12,12.12,12.12,12.12,12.12,0,0
1628255538,12.12,12.12,12.12,12.12,12.12,0,0
1628255539,12.12,12.12,12.12,12.12,12.12,0,0
1628255540,12.12,12.12,12.12,12.12,12.12,1,1
1628255541,12.12,12.12,12.1,12.1,12.106,6,3
1628255542,12.1,12.1,12.1,12.1,12.1,0,0
1628255543,12.1,12.1,12.1,12.1,12.1,1,1
1628255544,12.1,12.1,12.1,12.1,12.1,0,0
1628255545,12.1,12.1,12.1,12.1,12.1,0,0
1628255546,12.1,12.1,12.1,12.1,12.1,0,0
1628255547,12.1,12.1,12.1,12.1,12.1,0,0
1628255548,12.1,12.1,12.1,12.1,12.1,0,0
1628255549,12.1,12.1,12.1,12.1,12.1,0,0
1628255550,12.1,12.1,12.1,12.1,12.1,0,0
1628255551,12.1,12.1,12.1,12.1,12.1,0,0
1628255552,12.11,12.11,12.11,12.11,12.11,1,1
1628255553,12.11,12.11,12.11,12.11,12.11,0,0
1628255554,12.11,12.11,12.11,12.11,12.11,0,0
1628255555,12.11,12.11,12.11,12.11,12.11,0,0
1628255556,12.1,12.1,12.1,12.1,12.1,8,5
1628255557,12.1,12.1,12.1,12.1,12.1,0,0
1628255558,12.09,12.09,12.09,12.09,12.09,3,1
1628255559,12.1,12.1,12.1,12.1,12.1,10,2
1628255560,12.1,12.1,12.1,12.1,12.1,0,0
1628255561,12.1,12.1,12.1,12.1,12.1,0,0
1628255562,12.1,12.1,12.1,12.1,12.1,0,0
1628255563,12.1,12.1,12.1,12.1,12.1,2,2
1628255564,12.1,12.1,12.1,12.1,12.1,0,0
1628255565,12.1,12.1,12.1,12.1,12.1,0,0
1628255566,12.1,12.1,12.1,12.1,12.1,0,0
1628255567,12.1,12.1,12.1,12.1,12.1,0,0
1628255568,12.08,12.08,12.08,12.08,12.08,50,1
1628255569,12.09,12.1,12.09,12.09,12.092,1,1
1628255570,12.07,12.07,12.07,12.07,12.07,14,7
1628255571,12.07,12.07,12.07,12.07,12.07,0,0
1628255572,12.09,12.09,12.08,12.09,12.089,4,2
1628255573,12.07,12.07,12.05,12.05,12.057,19,6
1628255574,12.05,12.05,12.05,12.05,12.05,0,0
1628255575,12.05,12.05,12.05,12.05,12.05,0,0
1628255576,12.05,12.05,12.05,12.05,12.05,0,0
1628255577,12.05,12.05,12.01,12.03,12.03,8,5
1628255578,12.05,12.05,12.05,12.05,12.05,4,3
1628255579,12.05,12.05,12.05,12.05,12.05,0,0
1628255580,12.05,12.05,12.05,12.05,12.05,0,0
1628255581,12.05,12.05,12.05,12.05,12.05,0,0
1628255582,12.05,12.05,12.05,12.05,12.05,0,0
1628255583,12.05,12.05,12.05,12.05,12.05,0,0
1628255584,12.05,12.05,12.05,12.05,12.05,0,0
1628255585,12.05,12.05,12.05,12.05,12.05,4,1
1628255586,12.05,12.05,12.05,12.05,12.05,0,0
1628255587,12.03,12.03,12.03,12.03,12.03,10,1
1628255588,12.04,12.04,12.04,12.04,12.04,2,1
1628255589,12.05,12.05,12.05,12.05,12.05,10,4
1628255590,12.07,12.07,12.07,12.07,12.07,3,1
1628255591,12.07,12.07,12.07,12.07,12.07,0,0
1628255592,12.08,12.08,12.08,12.08,12.08,4,1
1628255593,12.05,12.05,12.05,12.05,12.05,1,1
1628255594,12.05,12.05,12.05,12.05,12.05,1,1
1628255595,12.05,12.05,12.05,12.05,12.05,0,0
1628255596,12.05,12.05,12.05,12.05,12.05,0,0
1628255597,12.05,12.05,12.05,12.05,12.05,0,0
1628255598,12.05,12.05,12.05,12.05,12.05,10,3
1628255599,12.05,12.05,12.05,12.05,12.05,1,1
1628255600,12.05,12.05,12.05,12.05,12.05,1,1
1628255601,12.05,12.05,12.05,12.05,12.05,1,1
1628255602,12.05,12.05,12.05,12.05,12.05,0,0
1628255603,12.05,12.05,12.05,12.05,12.05,0,0
1628255604,12.05,12.05,12.05,12.05,12.05,3,2
1628255605,12.05,12.05,12.05,12.05,12.05,0,0
1628255606,12.05,12.05,12.05,12.05,12.05,0,0
1628255607,12.05,12.05,12.05,12.05,12.05,0,0
1628255608,12.05,12.05,12.04,12.05,12.05,1,1
1628255609,12.05,12.05,12.04,12.05,12.05,0,0
1628255610,12.05,12.05,12.04,12.05,12.05,0,0
1628255611,12.05,12.05,12.04,12.05,12.05,0,0
1628255612,12.05,12.05,12.04,12.05,12.05,0,0
1628255613,12.04,12.05,12.04,12.05,12.046,9,2
1628255614,12.05,12.05,12.05,12.05,12.05,0,0
1628255615,12.05,12.05,12.05,12.05,12.05,0,0
1628255616,12.05,12.05,12.05,12.05,12.05,3,1
1628255617,12.05,12.05,12.05,12.05,12.05,1,1
1628255618,12.05,12.05,12.05,12.05,12.05,0,0
1628255619,12.05,12.05,12.05,12.05,12.05,3,3
1628255620,12.05,12.05,12.05,12.05,12.05,0,0
1628255621,12.05,12.05,12.05,12.05,12.05,0,0
1628255622,12.05,12.05,12.05,12.05,12.05,1,1
1628255623,12.05,12.05,12.05,12.05,12.05,0,0
1628255624,12.05,12.05,12.05,12.05,12.05,4,2
1628255625,12.05,12.05,12.05,12.05,12.05,56,6
1628255626,12.05,12.05,12.05,12.05,12.05,0,0
1628255627,12.06,12.06,12.06,12.06,12.06,1,1
1628255628,12.04,12.04,12.04,12.04,12.04,1,1
1628255629,12.04,12.04,12.04,12.04,12.04,0,0
1628255630,12.04,12.04,12.04,12.04,12.04,0,0
1628255631,12.04,12.04,12.04,12.04,12.04,0,0
1628255632,12.04,12.04,12.04,12.04,12.04,0,0
1628255633,12.04,12.04,12.04,12.04,12.04,0,0
1628255634,12.04,12.04,12.04,12.04,12.04,0,0
1628255635,12.04,12.04,12.04,12.04,12.04,0,0
1628255636,12.06,12.06,12.06,12.06,12.06,2,1
1628255637,12.06,12.06,12.06,12.06,12.06,0,0
1628255638,12.06,12.06,12.06,12.06,12.06,2,1
1628255639,12.08,12.1,12.08,12.1,12.094,3,2
1628255640,12.1,12.1,12.1,12.1,12.1,0,0
1628255641,12.1,12.1,12.1,12.1,12.1,0,0
1628255642,12.09,12.09,12.09,12.09,12.09,18,3
1628255643,12.09,12.09,12.09,12.09,12.09,0,0
1628255644,12.09,12.09,12.09,12.09,12.09,0,0
1628255645,12.09,12.09,12.09,12.09,12.09,0,0
1628255646,12.09,12.09,12.09,12.09,12.09,0,0
1628255647,12.09,12.09,12.09,12.09,12.09,0,0
1628255648,12.09,12.09,12.09,12.09,12.09,3,2
1628255649,12.09,12.09,12.09,12.09,12.09,0,0
1628255650,12.09,12.09,12.09,12.09,12.09,0,0
1628255651,12.11,12.11,12.11,12.11,12.11,15,2
1628255652,12.11,12.11,12.11,12.11,12.11,0,0
1628255653,12.11,12.11,12.11,12.11,12.11,0,0
1628255654,12.11,12.11,12.11,12.11,12.11,0,0
1628255655,12.11,12.11,12.11,12.11,12.11,0,0
1628255656,12.11,12.11,12.11,12.11,12.11,0,0
1628255657,12.11,12.11,12.11,12.11,12.11,0,0
1628255658,12.11,12.11,12.11,12.11,12.11,0,0
1628255659,12.11,12.11,12.11,12.11,12.11,0,0
1628255660,12.1,12.1,12.1,12.1,12.1,1,1
1628255661,12.09,12.09,12.09,12.09,12.09,4,1
1628255662,12.09,12.09,12.09,12.09,12.09,0,0
1628255663,12.1,12.1,12.1,12.1,12.1,1,1
1628255664,12.1,12.1,12.1,12.1,12.1,0,0
1628255665,12.1,12.1,12.1,12.1,12.1,0,0
1628255666,12.1,12.1,12.1,12.1,12.1,0,0
1628255667,12.09,12.09,12.09,12.09,12.09,10,1
1628255668,12.09,12.09,12.09,12.09,12.09,0,0
1628255669,12.1,12.1,12.1,12.1,12.1,2,1
1628255670,12.1,12.1,12.1,12.1,12.1,0,0
1628255671,12.1,12.1,12.1,12.1,12.1,0,0
1628255672,12.1,12.1,12.1,12.1,12.1,0,0
1628255673,12.1,12.1,12.1,12.1,12.1,0,0
1628255674,12.1,12.1,12.1,12.1,12.1,0,0
1628255675,12.1,12.1,12.1,12.1,12.1,0,0
1628255676,12.09,12.09,12.09,12.09,12.09,5,2
1628255677,12.09,12.09,12.09,12.09,12.09,0,0
1628255678,12.09,12.09,12.09,12.09,12.09,0,0
1628255679,12.09,12.09,12.09,12.09,12.09,0,0
1628255680,12.09,12.09,12.09,12.09,12.09,0,0
1628255681,12.09,12.09,12.09,12.09,12.09,0,0
1628255682,12.09,12.09,12.09,12.09,12.09,0,0
1628255683,12.09,12.09,12.09,12.09,12.09,0,0
1628255684,12.09,12.09,12.09,12.09,12.09,0,0
1628255685,12.09,12.09,12.09,12.09,12.09,0,0
1628255686,12.09,12.09,12.09,12.09,12.09,0,0
1628255687,12.09,12.09,12.09,12.09,12.09,0,0
1628255688,12.09,12.09,12.09,12.09,12.09,0,0
1628255689,12.09,12.09,12.09,12.09,12.09,0,0
1628255690,12.09,12.09,12.09,12.09,12.09,0,0
1628255691,12.09,12.09,12.09,12.09,12.09,0,0
1628255692,12.09,12.09,12.09,12.09,12.09,3,1
1628255693,12.09,12.09,12.09,12.09,12.09,0,0
1628255694,12.08,12.08,12.08,12.08,12.08,1,1
1628255695,12.08,12.08,12.08,12.08,12.08,0,0
1628255696,12.08,12.08,12.08,12.08,12.08,0,0
1628255697,12.08,12.08,12.08,12.08,12.08,2,2
1628255698,12.08,12.08,12.08,12.08,12.08,0,0
1628255699,12.08,12.08,12.08,12.08,12.08,1,1
1628255700,12.07,12.07,12.07,12.07,12.07,6,6
1628255701,12.07,12.07,12.07,12.07,12.07,0,0
1628255702,12.07,12.07,12.07,12.07,12.07,0,0
1628255703,12.07,12.07,12.07,12.07,12.07,0,0
1628255704,12.07,12.07,12.07,12.07,12.07,0,0
1628255705,12.07,12.07,12.07,12.07,12.07,0,0
1628255706,12.07,12.07,12.07,12.07,12.07,0,0
1628255707,12.07,12.07,12.07,12.07,12.07,0,0
1628255708,12.07,12.07,12.07,12.07,12.07,0,0
1628255709,12.07,12.07,12.07,12.07,12.07,0,0
1628255710,12.07,12.07,12.07,12.07,12.07,0,0
1628255711,12.07,12.07,12.07,12.07,12.07,0,0
1628255712,12.07,12.07,12.07,12.07,12.07,0,0
1628255713,12.06,12.06,12.06,12.06,12.06,1,1
1628255714,12.06,12.06,12.06,12.06,12.06,0,0
1628255715,12.06,12.06,12.06,12.06,12.06,0,0
1628255716,12.06,12.06,12.06,12.06,12.06,0,0
1628255717,12.06,12.06,12.06,12.06,12.06,1,1
1628255718,12.06,12.06,12.06,12.06,12.06,0,0
1628255719,12.06,12.06,12.06,12.06,12.06,0,0
1628255720,12.06,12.06,12.06,12.06,12.06,0,0
1628255721,12.06,12.06,12.06,12.06,12.06,0,0
1628255722,12.06,12.06,12.06,12.06,12.06,0,0
1628255723,12.06,12.06,12.06,12.06,12.06,1,1
1628255724,12.06,12.06,12.06,12.06,12.06,0,0
1628255725,12.06,12.06,12.06,12.06,12.06,0,0
1628255726,12.06,12.06,12.06,12.06,12.06,0,0
1628255727,12.06,12.06,12.06,12.06,12.06,0,0
1628255728,12.06,12.06,12.06,12.06,12.06,0,0
1628255729,12.06,12.06,12.06,12.06,12.06,5,1
1628255730,12.06,12.06,12.06,12.06,12.06,0,0
1628255731,12.06,12.06,12.06,12.06,12.06,0,0
1628255732,12.06,12.06,12.06,12.06,12.06,1,1
1628255733,12.06,12.06,12.06,12.06,12.06,5,1
1628255734,12.06,12.06,12.06,12.06,12.06,0,0
1628255735,12.06,12.06,12.06,12.06,12.06,0,0
1628255736,12.06,12.06,12.06,12.06,12.06,0,0
1628255737,12.06,12.06,12.06,12.06,12.06,0,0
1628255738,12.06,12.06,12.06,12.06,12.06,0,0
1628255739,12.06,12.06,12.06,12.06,12.06,0,0
1628255740,12.06,12.06,12.06,12.06,12.06,0,0
1628255741,12.06,12.06,12.06,12.06,12.06,0,0
1628255742,12.06,12.06,12.06,12.06,12.06,0,0
1628255743,12.06,12.06,12.06,12.06,12.06,0,0
1628255744,12.06,12.06,12.06,12.06,12.06,0,0
1628255745,12.06,12.06,12.06,12.06,12.06,0,0
1628255746,12.07,12.08,12.06,12.06,12.068,18,5
1628255747,12.06,12.06,12.06,12.06,12.06,0,0
1628255748,12.06,12.06,12.06,12.06,12.06,0,0
1628255749,12.06,12.06,12.06,12.06,12.06,0,0
1628255750,12.1,12.1,12.09,12.1,12.098,5,1
1628255751,12.1,12.1,12.09,12.1,12.1,0,0
1628255752,12.1,12.1,12.09,12.1,12.1,0,0
1628255753,12.1,12.1,12.1,12.1,12.1,50,1
1628255754,12.1,12.1,12.1,12.1,12.1,0,0
1628255755,12.1,12.1,12.1,12.1,12.1,0,0
1628255756,12.06,12.06,12.06,12.06,12.06,1,1
1628255757,12.06,12.06,12.06,12.06,12.06,0,0
1628255758,12.06,12.06,12.06,12.06,12.06,0,0
1628255759,12.06,12.06,12.06,12.06,12.06,0,0
1628255760,12.06,12.06,12.06,12.06,12.06,0,0
1628255761,12.06,12.06,12.06,12.06,12.06,0,0
1628255762,12.06,12.06,12.06,12.06,12.06,0,0
1628255763,12.06,12.06,12.06,12.06,12.06,0,0
1628255764,12.06,12.06,12.06,12.06,12.06,0,0
1628255765,12.06,12.06,12.06,12.06,12.06,0,0
1628255766,12.06,12.06,12.06,12.06,12.06,0,0
1628255767,12.06,12.06,12.06,12.06,12.06,0,0
1628255768,12.06,12.06,12.06,12.06,12.06,1,1
1628255769,12.06,12.06,12.06,12.06,12.06,0,0
1628255770,12.06,12.06,12.06,12.06,12.06,0,0
1628255771,12.06,12.06,12.06,12.06,12.06,0,0
1628255772,12.06,12.06,12.06,12.06,12.06,0,0
1628255773,12.06,12.06,12.06,12.06,12.06,2,1
1628255774,12.09,12.09,12.09,12.09,12.09,1,1
1628255775,12.09,12.09,12.09,12.09,12.09,0,0
1628255776,12.09,12.09,12.09,12.09,12.09,0,0
1628255777,12.09,12.09,12.09,12.09,12.09,0,0
1628255778,12.09,12.09,12.09,12.09,12.09,0,0
1628255779,12.09,12.09,12.09,12.09,12.09,1,1
1628255780,12.09,12.09,12.09,12.09,12.09,0,0
1628255781,12.09,12.09,12.09,12.09,12.09,0,0
1628255782,12.09,12.09,12.09,12.09,12.09,0,0
1628255783,12.09,12.09,12.09,12.09,12.09,1,1
1628255784,12.09,12.09,12.09,12.09,12.09,0,0
1628255785,12.09,12.09,12.09,12.09,12.09,0,0
1628255786,12.09,12.09,12.09,12.09,12.09,0,0
1628255787,12.09,12.09,12.09,12.09,12.09,0,0
1628255788,12.09,12.09,12.09,12.09,12.09,0,0
1628255789,12.09,12.09,12.09,12.09,12.09,0,0
1628255790,12.09,12.09,12.09,12.09,12.09,0,0
1628255791,12.09,12.09,12.09,12.09,12.09,0,0
1628255792,12.09,12.09,12.09,12.09,12.09,0,0
1628255793,12.09,12.09,12.09,12.09,12.09,1,1
1628255794,12.09,12.09,12.09,12.09,12.09,0,0
1628255795,12.09,12.09,12.09,12.09,12.09,0,0
1628255796,12.09,12.09,12.09,12.09,12.09,0,0
1628255797,12.06,12.06,12.06,12.06,12.06,16,1
1628255798,12.06,12.06,12.06,12.06,12.06,0,0
1628255799,12.06,12.06,12.06,12.06,12.06,0,0
1628255800,12.06,12.06,12.06,12.06,12.06,0,0
1628255801,12.06,12.06,12.06,12.06,12.06,0,0
1628255802,12.06,12.06,12.06,12.06,12.06,0,0
1628255803,12.1,12.1,12.1,12.1,12.1,5,1
1628255804,12.1,12.1,12.1,12.1,12.1,1,1
1628255805,12.1,12.1,12.1,12.1,12.1,0,0
1628255806,12.07,12.07,12.07,12.07,12.07,1,1
1628255807,12.07,12.07,12.07,12.07,12.07,0,0
1628255808,12.07,12.07,12.07,12.07,12.07,0,0
1628255809,12.07,12.07,12.07,12.07,12.07,0,0
1628255810,12.07,12.07,12.07,12.07,12.07,0,0
1628255811,12.07,12.07,12.07,12.07,12.07,0,0
1628255812,12.07,12.07,12.07,12.07,12.07,0,0
1628255813,12.07,12.07,12.07,12.07,12.07,0,0
1628255814,12.06,12.06,12.06,12.06,12.06,1,1
1628255815,12.06,12.06,12.06,12.06,12.06,0,0
1628255816,12.06,12.06,12.06,12.06,12.06,0,0
1628255817,12.06,12.06,12.06,12.06,12.06,0,0
1628255818,12.06,12.06,12.06,12.06,12.06,0,0
1628255819,12.06,12.06,12.06,12.06,12.06,0,0
1628255820,12.06,12.06,12.06,12.06,12.06,0,0
1628255821,12.06,12.06,12.06,12.06,12.06,0,0
1628255822,12.06,12.06,12.06,12.06,12.06,0,0
1628255823,12.06,12.06,12.06,12.06,12.06,0,0
1628255824,12.06,12.06,12.06,12.06,12.06,0,0
1628255825,12.06,12.06,12.06,12.06,12.06,0,0
1628255826,12.06,12.06,12.06,12.06,12.06,0,0
1628255827,12.06,12.06,12.06,12.06,12.06,0,0
1628255828,12.06,12.06,12.06,12.06,12.06,0,0
1628255829,12.06,12.06,12.06,12.06,12.06,0,0
1628255830,12.06,12.06,12.06,12.06,12.06,0,0
1628255831,12.06,12.06,12.06,12.06,12.06,0,0
1628255832,12.08,12.08,12.08,12.08,12.08,1,1
1628255833,12.08,12.08,12.08,12.08,12.08,0,0
1628255834,12.08,12.08,12.08,12.08,12.08,0,0
1628255835,12.08,12.08,12.08,12.08,12.08,0,0
1628255836,12.08,12.08,12.08,12.08,12.08,0,0
1628255837,12.08,12.08,12.08,12.08,12.08,0,0
1628255838,12.08,12.08,12.08,12.08,12.08,0,0
1628255839,12.08,12.08,12.08,12.08,12.08,0,0
1628255840,12.08,12.08,12.08,12.08,12.08,0,0
1628255841,12.07,12.07,12.07,12.07,12.07,1,1
1628255842,12.07,12.08,12.07,12.07,12.07,10,1
1628255843,12.07,12.08,12.07,12.07,12.07,0,0
1628255844,12.07,12.08,12.07,12.07,12.07,0,0
1628255845,12.07,12.08,12.07,12.07,12.07,0,0
1628255846,12.07,12.08,12.07,12.07,12.07,0,0
1628255847,12.07,12.07,12.07,12.07,12.07,2,1
1628255848,12.07,12.07,12.07,12.07,12.07,0,0
1628255849,12.07,12.07,12.07,12.07,12.07,0,0
1628255850,12.07,12.07,12.07,12.07,12.07,0,0
1628255851,12.07,12.07,12.07,12.07,12.07,0,0
1628255852,12.07,12.07,12.06,12.06,12.062,11,6
1628255853,12.06,12.06,12.06,12.06,12.06,0,0
1628255854,12.06,12.06,12.06,12.06,12.06,0,0
1628255855,12.06,12.06,12.06,12.06,12.06,0,0
1628255856,12.06,12.06,12.06,12.06,12.06,0,0
1628255857,12.06,12.06,12.06,12.06,12.06,0,0
1628255858,12.06,12.06,12.06,12.06,12.06,2,1
1628255859,12.06,12.06,12.06,12.06,12.06,0,0
1628255860,12.06,12.06,12.06,12.06,12.06,0,0
1628255861,12.06,12.06,12.06,12.06,12.06,0,0
1628255862,12.06,12.06,12.06,12.06,12.06,0,0
1628255863,12.06,12.06,12.06,12.06,12.06,0,0
1628255864,12.06,12.06,12.06,12.06,12.06,0,0
1628255865,12.06,12.06,12.06,12.06,12.06,0,0
1628255866,12.06,12.06,12.06,12.06,12.06,0,0
1628255867,12.06,12.06,12.06,12.06,12.06,0,0
1628255868,12.07,12.07,12.07,12.07,12.07,5,2
1628255869,12.07,12.07,12.07,12.07,12.07,0,0
1628255870,12.07,12.07,12.07,12.07,12.07,0,0
1628255871,12.07,12.07,12.07,12.07,12.07,0,0
1628255872,12.07,12.07,12.07,12.07,12.07,0,0
1628255873,12.07,12.07,12.07,12.07,12.07,0,0
1628255874,12.06,12.06,12.06,12.06,12.06,1,1
1628255875,12.06,12.06,12.06,12.06,12.06,0,0
1628255876,12.06,12.06,12.06,12.06,12.06,0,0
1628255877,12.06,12.06,12.06,12.06,12.06,1,1
1628255878,12.06,12.06,12.06,12.06,12.06,0,0
1628255879,12.06,12.06,12.06,12.06,12.06,0,0
1628255880,12.06,12.06,12.06,12.06,12.06,0,0
1628255881,12.06,12.06,12.06,12.06,12.06,0,0
1628255882,12.06,12.06,12.06,12.06,12.06,0,0
1628255883,12.07,12.07,12.07,12.07,12.07,1,1
1628255884,12.09,12.09,12.08,12.09,12.09,2,1
1628255885,12.09,12.09,12.08,12.09,12.09,0,0
1628255886,12.09,12.09,12.08,12.09,12.09,0,0
1628255887,12.09,12.09,12.08,12.09,12.09,0,0
1628255888,12.09,12.09,12.08,12.09,12.09,0,0
1628255889,12.09,12.09,12.08,12.09,12.09,0,0
1628255890,12.09,12.09,12.08,12.09,12.09,0,0
1628255891,12.09,12.09,12.08,12.09,12.09,0,0
1628255892,12.09,12.09,12.08,12.09,12.09,0,0
1628255893,12.09,12.09,12.08,12.09,12.09,0,0
1628255894,12.09,12.09,12.08,12.09,12.09,0,0
1628255895,12.06,12.06,12.06,12.06,12.06,3,1
1628255896,12.06,12.06,12.06,12.06,12.06,0,0
1628255897,12.06,12.06,12.06,12.06,12.06,0,0
1628255898,12.06,12.06,12.06,12.06,12.06,0,0
1628255899,12.08,12.08,12.08,12.08,12.08,1,1
1628255900,12.08,12.08,12.08,12.08,12.08,0,0
1628255901,12.08,12.08,12.08,12.08,12.08,0,0
1628255902,12.08,12.08,12.08,12.08,12.08,0,0
1628255903,12.08,12.08,12.08,12.08,12.08,0,0
1628255904,12.08,12.08,12.08,12.08,12.08,0,0
1628255905,12.08,12.08,12.08,12.08,12.08,0,0
1628255906,12.08,12.08,12.08,12.08,12.08,0,0
1628255907,12.08,12.08,12.08,12.08,12.08,0,0
1628255908,12.08,12.08,12.08,12.08,12.08,0,0
1628255909,12.08,12.08,12.08,12.08,12.08,0,0
1628255910,12.07,12.07,12.07,12.07,12.07,1,1
1628255911,12.07,12.07,12.07,12.07,12.07,0,0
1628255912,12.07,12.07,12.07,12.07,12.07,2,1
1628255913,12.07,12.07,12.07,12.07,12.07,0,0
1628255914,12.07,12.07,12.07,12.07,12.07,0,0
1628255915,12.07,12.07,12.07,12.07,12.07,0,0
1628255916,12.07,12.07,12.07,12.07,12.07,0,0
1628255917,12.07,12.07,12.07,12.07,12.07,0,0
1628255918,12.06,12.06,12.06,12.06,12.06,1,1
1628255919,12.06,12.06,12.06,12.06,12.06,0,0
1628255920,12.06,12.06,12.06,12.06,12.06,0,0
1628255921,12.06,12.06,12.06,12.06,12.06,0,0
1628255922,12.06,12.06,12.06,12.06,12.06,0,0
1628255923,12.06,12.06,12.06,12.06,12.06,0,0
1628255924,12.06,12.06,12.06,12.06,12.06,0,0
1628255925,12.06,12.06,12.06,12.06,12.06,0,0
1628255926,12.06,12.06,12.06,12.06,12.06,0,0
1628255927,12.06,12.06,12.06,12.06,12.06,0,0
1628255928,12.06,12.06,12.06,12.06,12.06,0,0
1628255929,12.06,12.06,12.06,12.06,12.06,1,1
1628255930,12.07,12.07,12.07,12.07,12.07,5,1
1628255931,12.07,12.07,12.07,12.07,12.07,0,0
1628255932,12.06,12.07,12.06,12.07,12.065,2,2
1628255933,12.06,12.06,12.06,12.06,12.06,2,1
1628255934,12.06,12.06,12.06,12.06,12.06,0,0
1628255935,12.06,12.06,12.06,12.06,12.06,0,0
1628255936,12.06,12.06,12.06,12.06,12.06,0,0
1628255937,12.06,12.06,12.06,12.06,12.06,0,0
1628255938,12.06,12.06,12.06,12.06,12.06,0,0
1628255939,12.06,12.06,12.06,12.06,12.06,0,0
1628255940,12.06,12.06,12.06,12.06,12.06,0,0
1628255941,12.06,12.06,12.06,12.06,12.06,0,0
1628255942,12.06,12.06,12.06,12.06,12.06,0,0
1628255943,12.06,12.06,12.06,12.06,12.06,0,0
1628255944,12.06,12.06,12.06,12.06,12.06,0,0
1628255945,12.06,12.06,12.06,12.06,12.06,0,0
1628255946,12.06,12.06,12.06,12.06,12.06,0,0
1628255947,12.06,12.06,12.06,12.06,12.06,0,0
1628255948,12.06,12.06,12.06,12.06,12.06,0,0
1628255949,12.08,12.08,12.08,12.08,12.08,1,1
1628255950,12.08,12.08,12.08,12.08,12.08,0,0
1628255951,12.07,12.07,12.07,12.07,12.07,3,1
1628255952,12.07,12.07,12.07,12.07,12.07,3,1
1628255953,12.07,12.07,12.07,12.07,12.07,0,0
1628255954,12.07,12.07,12.07,12.07,12.07,0,0
1628255955,12.07,12.07,12.07,12.07,12.07,0,0
1628255956,12.07,12.07,12.07,12.07,12.07,0,0
1628255957,12.06,12.06,12.06,12.06,12.06,1,1
1628255958,12.06,12.06,12.06,12.06,12.06,0,0
1628255959,12.06,12.06,12.06,12.06,12.06,0,0
1628255960,12.06,12.06,12.06,12.06,12.06,0,0
1628255961,12.06,12.06,12.06,12.06,12.06,0,0
1628255962,12.06,12.06,12.06,12.06,12.06,0,0
1628255963,12.06,12.06,12.06,12.06,12.06,0,0
1628255964,12.06,12.06,12.06,12.06,12.06,0,0
1628255965,12.06,12.06,12.06,12.06,12.06,0,0
1628255966,12.09,12.09,12.08,12.09,12.09,11,1
1628255967,12.09,12.09,12.08,12.09,12.09,0,0
1628255968,12.09,12.09,12.08,12.09,12.09,0,0
1628255969,12.09,12.09,12.08,12.09,12.09,0,0
1628255970,12.09,12.09,12.08,12.09,12.09,0,0
1628255971,12.09,12.09,12.08,12.09,12.09,0,0
1628255972,12.09,12.09,12.08,12.09,12.09,0,0
1628255973,12.09,12.09,12.08,12.09,12.09,0,0
1628255974,12.09,12.09,12.08,12.09,12.09,0,0
1628255975,12.09,12.09,12.08,12.09,12.09,0,0
1628255976,12.09,12.09,12.08,12.09,12.09,0,0
1628255977,12.09,12.09,12.08,12.09,12.09,0,0
1628255978,12.09,12.09,12.08,12.09,12.09,0,0
1628255979,12.09,12.09,12.08,12.09,12.09,0,0
1628255980,12.09,12.09,12.09,12.09,12.09,1,1
1628255981,12.09,12.09,12.09,12.09,12.09,0,0
1628255982,12.09,12.09,12.09,12.09,12.09,0,0
1628255983,12.09,12.09,12.09,12.09,12.09,0,0
1628255984,12.09,12.09,12.09,12.09,12.09,0,0
1628255985,12.09,12.09,12.09,12.09,12.09,0,0
1628255986,12.06,12.06,12.06,12.06,12.06,2,1
1628255987,12.06,12.06,12.06,12.06,12.06,0,0
1628255988,12.06,12.06,12.06,12.06,12.06,0,0
1628255989,12.06,12.06,12.06,12.06,12.06,0,0
1628255990,12.06,12.06,12.06,12.06,12.06,0,0
1628255991,12.06,12.06,12.06,12.06,12.06,0,0
1628255992,12.06,12.06,12.06,12.06,12.06,0,0
1628255993,12.06,12.06,12.06,12.06,12.06,0,0
1628255994,12.09,12.09,12.09,12.09,12.09,1,1
1628255995,12.09,12.09,12.09,12.09,12.09,0,0
1628255996,12.09,12.09,12.09,12.09,12.09,0,0
1628255997,12.09,12.09,12.09,12.09,12.09,0,0
1628255998,12.06,12.06,12.06,12.06,12.06,3,1
1628255999,12.06,12.06,12.06,12.06,12.06,0,0
1628256000,12.06,12.06,12.06,12.06,12.06,0,0
1628256001,12.06,12.06,12.06,12.06,12.06,0,0
1628256002,12.06,12.06,12.06,12.06,12.06,0,0
1628256003,12.06,12.06,12.06,12.06,12.06,0,0
1628256004,12.06,12.06,12.06,12.06,12.06,0,0
1628256005,12.06,12.06,12.06,12.06,12.06,0,0
1628256006,12.06,12.06,12.06,12.06,12.06,0,0
1628256007,12.06,12.06,12.06,12.06,12.06,0,0
1628256008,12.06,12.06,12.06,12.06,12.06,0,0
1628256009,12.06,12.06,12.06,12.06,12.06,0,0
1628256010,12.06,12.06,12.06,12.06,12.06,0,0
1628256011,12.06,12.06,12.06,12.06,12.06,0,0
1628256012,12.06,12.06,12.06,12.06,12.06,0,0
1628256013,12.06,12.06,12.06,12.06,12.06,0,0
1628256014,12.06,12.06,12.06,12.06,12.06,0,0
1628256015,12.06,12.06,12.06,12.06,12.06,0,0
1628256016,12.06,12.06,12.06,12.06,12.06,0,0
1628256017,12.06,12.06,12.06,12.06,12.06,0,0
1628256018,12.06,12.06,12.06,12.06,12.06,0,0
1628256019,12.06,12.06,12.06,12.06,12.06,0,0
1628256020,12.06,12.06,12.06,12.06,12.06,0,0
1628256021,12.06,12.06,12.06,12.06,12.06,0,0
1628256022,12.06,12.06,12.06,12.06,12.06,0,0
1628256023,12.09,12.09,12.09,12.09,12.09,1,1
1628256024,12.09,12.09,12.09,12.09,12.09,0,0
1628256025,12.09,12.09,12.09,12.09,12.09,0,0
1628256026,12.09,12.09,12.09,12.09,12.09,0,0
1628256027,12.09,12.09,12.09,12.09,12.09,0,0
1628256028,12.09,12.09,12.09,12.09,12.09,0,0
1628256029,12.09,12.09,12.09,12.09,12.09,0,0
1628256030,12.09,12.09,12.09,12.09,12.09,0,0
1628256031,12.09,12.09,12.09,12.09,12.09,0,0
1628256032,12.09,12.09,12.09,12.09,12.09,0,0
1628256033,12.09,12.09,12.09,12.09,12.09,0,0
1628256034,12.09,12.09,12.09,12.09,12.09,0,0
1628256035,12.09,12.09,12.09,12.09,12.09,0,0
1628256036,12.09,12.09,12.09,12.09,12.09,0,0
1628256037,12.09,12.09,12.09,12.09,12.09,0,0
1628256038,12.09,12.09,12.09,12.09,12.09,0,0
1628256039,12.09,12.09,12.09,12.09,12.09,0,0
1628256040,12.09,12.09,12.09,12.09,12.09,0,0
1628256041,12.09,12.09,12.09,12.09,12.09,0,0
1628256042,12.09,12.09,12.09,12.09,12.09,0,0
1628256043,12.09,12.09,12.09,12.09,12.09,0,0
1628256044,12.09,12.09,12.09,12.09,12.09,0,0
1628256045,12.09,12.09,12.09,12.09,12.09,0,0
1628256046,12.09,12.09,12.09,12.09,12.09,0,0
1628256047,12.09,12.09,12.09,12.09,12.09,0,0
1628256048,12.09,12.09,12.09,12.09,12.09,1,1
1628256049,12.09,12.09,12.09,12.09,12.09,0,0
1628256050,12.09,12.09,12.09,12.09,12.09,0,0
1628256051,12.08,12.08,12.08,12.08,12.08,3,1
1628256052,12.08,12.08,12.08,12.08,12.08,0,0
1628256053,12.08,12.08,12.08,12.08,12.08,0,0
1628256054,12.08,12.08,12.08,12.08,12.08,0,0
1628256055,12.08,12.08,12.08,12.08,12.08,0,0
1628256056,12.08,12.08,12.08,12.08,12.08,0,0
1628256057,12.08,12.08,12.08,12.08,12.08,0,0
1628256058,12.08,12.08,12.08,12.08,12.08,0,0
1628256059,12.08,12.08,12.08,12.08,12.08,0,0
1628256060,12.08,12.08,12.08,12.08,12.08,0,0
1628256061,12.09,12.09,12.09,12.09,12.09,6,5
1628256062,12.09,12.09,12.09,12.09,12.09,0,0
1628256063,12.09,12.09,12.09,12.09,12.09,0,0
1628256064,12.09,12.09,12.09,12.09,12.09,0,0
1628256065,12.09,12.09,12.09,12.09,12.09,0,0
1628256066,12.09,12.09,12.09,12.09,12.09,0,0
1628256067,12.1,12.1,12.1,12.1,12.1,1,1
1628256068,12.1,12.1,12.1,12.1,12.1,0,0
1628256069,12.1,12.1,12.1,12.1,12.1,0,0
1628256070,12.1,12.1,12.1,12.1,12.1,0,0
1628256071,12.1,12.1,12.1,12.1,12.1,1,1
1628256072,12.1,12.1,12.1,12.1,12.1,0,0
1628256073,12.1,12.1,12.1,12.1,12.1,0,0
1628256074,12.11,12.11,12.11,12.11,12.11,1,1
1628256075,12.11,12.11,12.11,12.11,12.11,0,0
1628256076,12.11,12.11,12.11,12.11,12.11,0,0
1628256077,12.11,12.12,12.11,12.12,12.112,6,2
1628256078,12.11,12.11,12.11,12.11,12.11,1,1
1628256079,12.14,12.14,12.14,12.14,12.14,3,3
1628256080,12.14,12.14,12.14,12.14,12.14,0,0
1628256081,12.14,12.14,12.14,12.14,12.14,0,0
1628256082,12.14,12.14,12.14,12.14,12.14,0,0
1628256083,12.14,12.14,12.14,12.14,12.14,0,0
1628256084,12.14,12.14,12.14,12.14,12.14,0,0
1628256085,12.14,12.14,12.14,12.14,12.14,0,0
1628256086,12.14,12.15,12.14,12.15,12.144,10,4
1628256087,12.15,12.15,12.15,12.15,12.15,0,0
1628256088,12.15,12.15,12.15,12.15,12.15,0,0
1628256089,12.15,12.15,12.15,12.15,12.15,0,0
1628256090,12.14,12.14,12.14,12.14,12.14,2,1
1628256091,12.14,12.14,12.14,12.14,12.14,0,0
1628256092,12.14,12.14,12.14,12.14,12.14,0,0
1628256093,12.14,12.14,12.14,12.14,12.14,0,0
1628256094,12.14,12.14,12.14,12.14,12.14,0,0
1628256095,12.14,12.14,12.14,12.14,12.14,0,0
1628256096,12.14,12.14,12.14,12.14,12.14,0,0
1628256097,12.14,12.14,12.14,12.14,12.14,0,0
1628256098,12.14,12.14,12.14,12.14,12.14,0,0
1628256099,12.14,12.14,12.14,12.14,12.14,0,0
1628256100,12.14,12.14,12.14,12.14,12.14,0,0
1628256101,12.14,12.14,12.14,12.14,12.14,0,0
1628256102,12.14,12.14,12.14,12.14,12.14,0,0
1628256103,12.14,12.14,12.14,12.14,12.14,0,0
1628256104,12.14,12.14,12.14,12.14,12.14,0,0
1628256105,12.14,12.14,12.14,12.14,12.14,2,1
1628256106,12.14,12.14,12.14,12.14,12.14,0,0
1628256107,12.14,12.14,12.14,12.14,12.14,0,0
1628256108,12.14,12.14,12.14,12.14,12.14,0,0
1628256109,12.1,12.1,12.1,12.1,12.1,50,1
1628256110,12.1,12.1,12.1,12.1,12.1,2,1
1628256111,12.1,12.1,12.1,12.1,12.1,0,0
1628256112,12.1,12.1,12.1,12.1,12.1,0,0
1628256113,12.1,12.1,12.1,12.1,12.1,0,0
1628256114,12.1,12.1,12.1,12.1,12.1,0,0
1628256115,12.1,12.1,12.1,12.1,12.1,0,0
1628256116,12.1,12.1,12.1,12.1,12.1,0,0
1628256117,12.1,12.1,12.1,12.1,12.1,0,0
1628256118,12.1,12.1,12.1,12.1,12.1,0,0
1628256119,12.13,12.13,12.13,12.13,12.13,2,1
1628256120,12.13,12.13,12.13,12.13,12.13,0,0
1628256121,12.13,12.13,12.13,12.13,12.13,0,0
1628256122,12.13,12.13,12.13,12.13,12.13,0,0
1628256123,12.13,12.13,12.13,12.13,12.13,1,1
1628256124,12.13,12.13,12.13,12.13,12.13,1,1
1628256125,12.13,12.13,12.13,12.13,12.13,0,0
1628256126,12.13,12.13,12.13,12.13,12.13,0,0
1628256127,12.13,12.13,12.13,12.13,12.13,0,0
1628256128,12.13,12.13,12.13,12.13,12.13,0,0
1628256129,12.13,12.13,12.13,12.13,12.13,0,0
1628256130,12.13,12.13,12.13,12.13,12.13,0,0
1628256131,12.13,12.13,12.13,12.13,12.13,0,0
1628256132,12.13,12.13,12.13,12.13,12.13,0,0
1628256133,12.13,12.13,12.13,12.13,12.13,0,0
1628256134,12.13,12.13,12.13,12.13,12.13,0,0
1628256135,12.13,12.13,12.13,12.13,12.13,0,0
1628256136,12.13,12.13,12.13,12.13,12.13,5,2
1628256137,12.13,12.13,12.13,12.13,12.13,0,0
1628256138,12.13,12.13,12.13,12.13,12.13,0,0
1628256139,12.13,12.13,12.13,12.13,12.13,0,0
1628256140,12.13,12.13,12.13,12.13,12.13,0,0
1628256141,12.13,12.13,12.13,12.13,12.13,0,0
1628256142,12.13,12.13,12.13,12.13,12.13,0,0
1628256143,12.13,12.13,12.13,12.13,12.13,0,0
1628256144,12.13,12.13,12.13,12.13,12.13,0,0
1628256145,12.13,12.13,12.13,12.13,12.13,4,1
1628256146,12.13,12.13,12.13,12.13,12.13,0,0
1628256147,12.13,12.13,12.13,12.13,12.13,4,1
1628256148,12.13,12.13,12.13,12.13,12.13,0,0
1628256149,12.13,12.13,12.13,12.13,12.13,0,0
1628256150,12.13,12.13,12.13,12.13,12.13,0,0
1628256151,12.14,12.14,12.13,12.14,12.139,23,5
1628256152,12.14,12.14,12.14,12.14,12.14,4,1
1628256153,12.14,12.14,12.14,12.14,12.14,4,1
1628256154,12.14,12.14,12.14,12.14,12.14,0,0
1628256155,12.14,12.14,12.14,12.14,12.14,0,0
1628256156,12.14,12.14,12.14,12.14,12.14,0,0
1628256157,12.14,12.14,12.14,12.14,12.14,0,0
1628256158,12.14,12.14,12.14,12.14,12.14,0,0
1628256159,12.14,12.14,12.14,12.14,12.14,0,0
1628256160,12.14,12.14,12.14,12.14,12.14,0,0
1628256161,12.14,12.14,12.14,12.14,12.14,0,0
1628256162,12.14,12.14,12.14,12.14,12.14,0,0
1628256163,12.18,12.18,12.17,12.17,12.172,6,3
1628256164,12.17,12.17,12.17,12.17,12.17,0,0
1628256165,12.17,12.17,12.17,12.17,12.17,0,0
1628256166,12.17,12.17,12.17,12.17,12.17,0,0
1628256167,12.18,12.18,12.18,12.18,12.18,6,1
1628256168,12.18,12.18,12.18,12.18,12.18,0,0
1628256169,12.18,12.18,12.18,12.18,12.18,0,0
1628256170,12.18,12.18,12.18,12.18,12.18,0,0
1628256171,12.18,12.18,12.18,12.18,12.18,0,0
1628256172,12.18,12.18,12.18,12.18,12.18,0,0
1628256173,12.18,12.18,12.18,12.18,12.18,0,0
1628256174,12.18,12.18,12.18,12.18,12.18,0,0
1628256175,12.18,12.18,12.18,12.18,12.18,0,0
1628256176,12.18,12.18,12.17,12.18,12.18,2,2
1628256177,12.18,12.18,12.18,12.18,12.18,0,0
1628256178,12.18,12.18,12.18,12.18,12.18,5,1
1628256179,12.15,12.15,12.15,12.15,12.15,3,2
1628256180,12.17,12.17,12.17,12.17,12.17,2,1
1628256181,12.15,12.15,12.15,12.15,12.15,4,1
1628256182,12.15,12.15,12.15,12.15,12.15,0,0
1628256183,12.15,12.15,12.15,12.15,12.15,0,0
1628256184,12.15,12.15,12.15,12.15,12.15,1,1
1628256185,12.15,12.15,12.15,12.15,12.15,0,0
1628256186,12.15,12.15,12.15,12.15,12.15,0,0
1628256187,12.15,12.15,12.15,12.15,12.15,0,0
1628256188,12.14,12.14,12.14,12.14,12.14,3,1
1628256189,12.14,12.14,12.14,12.14,12.14,0,0
1628256190,12.15,12.15,12.14,12.15,12.15,40,2
1628256191,12.14,12.14,12.14,12.14,12.14,1,1
1628256192,12.14,12.14,12.14,12.14,12.14,0,0
1628256193,12.14,12.14,12.14,12.14,12.14,0,0
1628256194,12.14,12.14,12.14,12.14,12.14,0,0
1628256195,12.14,12.14,12.14,12.14,12.14,0,0
1628256196,12.14,12.14,12.14,12.14,12.14,0,0
1628256197,12.14,12.14,12.14,12.14,12.14,0,0
1628256198,12.14,12.14,12.14,12.14,12.14,0,0
1628256199,12.14,12.14,12.14,12.14,12.14,0,0
1628256200,12.14,12.14,12.14,12.14,12.14,0,0
1628256201,12.14,12.14,12.14,12.14,12.14,0,0
1628256202,12.14,12.14,12.14,12.14,12.14,0,0
1628256203,12.14,12.14,12.14,12.14,12.14,0,0
1628256204,12.14,12.14,12.14,12.14,12.14,4,1
1628256205,12.14,12.14,12.14,12.14,12.14,0,0
1628256206,12.14,12.14,12.14,12.14,12.14,0,0
1628256207,12.14,12.14,12.14,12.14,12.14,0,0
1628256208,12.14,12.14,12.14,12.14,12.14,0,0
1628256209,12.14,12.14,12.14,12.14,12.14,0,0
1628256210,12.14,12.14,12.14,12.14,12.14,0,0
1628256211,12.14,12.14,12.14,12.14,12.14,0,0
1628256212,12.14,12.14,12.14,12.14,12.14,0,0
1628256213,12.14,12.14,12.14,12.14,12.14,0,0
1628256214,12.14,12.14,12.14,12.14,12.14,0,0
1628256215,12.14,12.14,12.14,12.14,12.14,0,0
1628256216,12.14,12.14,12.14,12.14,12.14,1,1
1628256217,12.14,12.14,12.14,12.14,12.14,0,0
1628256218,12.11,12.11,12.11,12.11,12.11,9,1
1628256219,12.11,12.11,12.11,12.11,12.11,0,0
1628256220,12.11,12.11,12.11,12.11,12.11,0,0
1628256221,12.11,12.11,12.11,12.11,12.11,0,0
1628256222,12.11,12.11,12.11,12.11,12.11,0,0
1628256223,12.11,12.11,12.11,12.11,12.11,0,0
1628256224,12.14,12.14,12.14,12.14,12.14,1,1
1628256225,12.13,12.13,12.13,12.13,12.13,1,1
1628256226,12.13,12.13,12.13,12.13,12.13,0,0
1628256227,12.13,12.13,12.13,12.13,12.13,0,0
1628256228,12.13,12.13,12.13,12.13,12.13,0,0
1628256229,12.13,12.13,12.13,12.13,12.13,0,0
1628256230,12.13,12.13,12.13,12.13,12.13,0,0
1628256231,12.13,12.13,12.13,12.13,12.13,0,0
1628256232,12.13,12.13,12.13,12.13,12.13,0,0
1628256233,12.13,12.13,12.13,12.13,12.13,0,0
1628256234,12.13,12.13,12.13,12.13,12.13,0,0
1628256235,12.12,12.12,12.12,12.12,12.12,4,1
1628256236,12.12,12.12,12.12,12.12,12.12,0,0
1628256237,12.13,12.13,12.12,12.13,12.13,7,3
1628256238,12.13,12.13,12.13,12.13,12.13,0,0
1628256239,12.13,12.13,12.13,12.13,12.13,0,0
1628256240,12.13,12.13,12.13,12.13,12.13,0,0
1628256241,12.13,12.13,12.13,12.13,12.13,0,0
1628256242,12.13,12.13,12.13,12.13,12.13,0,0
1628256243,12.13,12.13,12.13,12.13,12.13,0,0
1628256244,12.13,12.13,12.13,12.13,12.13,0,0
1628256245,12.13,12.13,12.13,12.13,12.13,0,0
1628256246,12.13,12.13,12.13,12.13,12.13,0,0
1628256247,12.13,12.13,12.13,12.13,12.13,1,1
1628256248,12.13,12.13,12.13,12.13,12.13,2,1
1628256249,12.13,12.13,12.13,12.13,12.13,1,1
1628256250,12.13,12.13,12.13,12.13,12.13,1,1
1628256251,12.12,12.12,12.12,12.12,12.12,6,2
1628256252,12.11,12.11,12.11,12.11,12.11,5,1
1628256253,12.11,12.11,12.11,12.11,12.11,0,0
1628256254,12.11,12.11,12.11,12.11,12.11,0,0
1628256255,12.11,12.11,12.11,12.11,12.11,0,0
1628256256,12.11,12.11,12.11,12.11,12.11,0,0
1628256257,12.11,12.11,12.11,12.11,12.11,0,0
1628256258,12.11,12.11,12.11,12.11,12.11,1,1
1628256259,12.11,12.11,12.11,12.11,12.11,2,1
1628256260,12.11,12.11,12.11,12.11,12.11,0,0
1628256261,12.11,12.11,12.11,12.11,12.11,9,3
1628256262,12.11,12.11,12.11,12.11,12.11,0,0
1628256263,12.11,12.11,12.11,12.11,12.11,2,1
1628256264,12.11,12.11,12.11,12.11,12.11,1,1
1628256265,12.11,12.11,12.11,12.11,12.11,0,0
1628256266,12.11,12.11,12.11,12.11,12.11,0,0
1628256267,12.11,12.11,12.11,12.11,12.11,0,0
1628256268,12.11,12.11,12.11,12.11,12.11,0,0
1628256269,12.11,12.11,12.11,12.11,12.11,0,0
1628256270,12.11,12.11,12.11,12.11,12.11,0,0
1628256271,12.11,12.11,12.11,12.11,12.11,0,0
1628256272,12.11,12.11,12.11,12.11,12.11,0,0
1628256273,12.11,12.11,12.11,12.11,12.11,0,0
1628256274,12.11,12.11,12.11,12.11,12.11,0,0
1628256275,12.11,12.11,12.11,12.11,12.11,0,0
1628256276,12.11,12.11,12.11,12.11,12.11,0,0
1628256277,12.11,12.11,12.11,12.11,12.11,0,0
1628256278,12.11,12.11,12.11,12.11,12.11,0,0
1628256279,12.11,12.11,12.11,12.11,12.11,0,0
1628256280,12.11,12.11,12.11,12.11,12.11,0,0
1628256281,12.12,12.12,12.12,12.12,12.12,1,1
1628256282,12.12,12.12,12.12,12.12,12.12,0,0
1628256283,12.12,12.12,12.12,12.12,12.12,0,0
1628256284,12.12,12.12,12.12,12.12,12.12,0,0
1628256285,12.12,12.12,12.12,12.12,12.12,0,0
1628256286,12.12,12.12,12.12,12.12,12.12,0,0
1628256287,12.12,12.12,12.12,12.12,12.12,0,0
1628256288,12.13,12.13,12.13,12.13,12.13,1,1
1628256289,12.13,12.13,12.13,12.13,12.13,0,0
1628256290,12.13,12.13,12.13,12.13,12.13,0,0
1628256291,12.13,12.13,12.13,12.13,12.13,0,0
1628256292,12.13,12.13,12.13,12.13,12.13,0,0
1628256293,12.13,12.13,12.13,12.13,12.13,0,0
1628256294,12.13,12.13,12.13,12.13,12.13,0,0
1628256295,12.13,12.13,12.13,12.13,12.13,0,0
1628256296,12.13,12.13,12.13,12.13,12.13,0,0
1628256297,12.13,12.13,12.13,12.13,12.13,0,0
1628256298,12.13,12.13,12.13,12.13,12.13,2,1
1628256299,12.13,12.13,12.13,12.13,12.13,0,0
1628256300,12.13,12.18,12.13,12.17,12.164,61,12
1628256301,12.2,12.2,12.2,12.2,12.2,1,1
1628256302,12.2,12.2,12.2,12.2,12.2,0,0
1628256303,12.2,12.2,12.2,12.2,12.2,0,0
1628256304,12.2,12.2,12.2,12.2,12.2,0,0
1628256305,12.2,12.2,12.2,12.2,12.2,0,0
1628256306,12.2,12.2,12.2,12.2,12.2,0,0
1628256307,12.2,12.2,12.2,12.2,12.2,0,0
1628256308,12.2,12.2,12.2,12.2,12.2,0,0
1628256309,12.2,12.2,12.2,12.2,12.2,0,0
1628256310,12.19,12.19,12.17,12.19,12.189,22,4
1628256311,12.19,12.19,12.19,12.19,12.19,0,0
1628256312,12.19,12.2,12.19,12.2,12.194,14,5
1628256313,12.2,12.2,12.2,12.2,12.2,0,0
1628256314,12.2,12.2,12.2,12.2,12.2,15,4
1628256315,12.2,12.2,12.2,12.2,12.2,0,0
1628256316,12.2,12.2,12.2,12.2,12.2,6,1
1628256317,12.2,12.2,12.2,12.2,12.2,0,0
1628256318,12.2,12.2,12.2,12.2,12.2,0,0
1628256319,12.2,12.2,12.2,12.2,12.2,0,0
1628256320,12.19,12.2,12.19,12.2,12.192,50,11
1628256321,12.2,12.2,12.2,12.2,12.2,0,0
1628256322,12.2,12.2,12.2,12.2,12.2,0,0
1628256323,12.2,12.2,12.2,12.2,12.2,0,0
1628256324,12.2,12.2,12.2,12.2,12.2,0,0
1628256325,12.2,12.2,12.2,12.2,12.2,0,0
1628256326,12.2,12.2,12.2,12.2,12.2,0,0
1628256327,12.2,12.2,12.2,12.2,12.2,0,0
1628256328,12.2,12.2,12.2,12.2,12.2,0,0
1628256329,12.2,12.2,12.2,12.2,12.2,0,0
1628256330,12.19,12.2,12.19,12.19,12.191,45,6
1628256331,12.19,12.19,12.19,12.19,12.19,0,0
1628256332,12.19,12.19,12.19,12.19,12.19,0,0
1628256333,12.19,12.19,12.19,12.19,12.19,0,0
1628256334,12.19,12.19,12.19,12.19,12.19,0,0
1628256335,12.19,12.19,12.19,12.19,12.19,0,0
1628256336,12.2,12.2,12.19,12.2,12.199,5,2
1628256337,12.19,12.2,12.19,12.2,12.196,9,3
1628256338,12.2,12.2,12.2,12.2,12.2,0,0
1628256339,12.19,12.19,12.19,12.19,12.19,5,1
1628256340,12.19,12.19,12.19,12.19,12.19,34,4
1628256341,12.19,12.19,12.19,12.19,12.19,0,0
1628256342,12.19,12.19,12.19,12.19,12.19,0,0
1628256343,12.19,12.19,12.19,12.19,12.19,0,0
1628256344,12.19,12.19,12.19,12.19,12.19,0,0
1628256345,12.19,12.19,12.19,12.19,12.19,0,0
1628256346,12.18,12.18,12.18,12.18,12.18,2,1
1628256347,12.18,12.18,12.18,12.18,12.18,0,0
1628256348,12.18,12.18,12.18,12.18,12.18,0,0
1628256349,12.18,12.18,12.18,12.18,12.18,0,0
1628256350,12.18,12.2,12.18,12.2,12.195,13,4
1628256351,12.2,12.2,12.2,12.2,12.2,23,1
1628256352,12.19,12.19,12.19,12.19,12.19,1,1
1628256353,12.19,12.19,12.19,12.19,12.19,0,0
1628256354,12.19,12.19,12.19,12.19,12.19,0,0
1628256355,12.19,12.19,12.19,12.19,12.19,0,0
1628256356,12.19,12.19,12.19,12.19,12.19,0,0
1628256357,12.19,12.19,12.19,12.19,12.19,0,0
1628256358,12.19,12.19,12.19,12.19,12.19,0,0
1628256359,12.19,12.19,12.19,12.19,12.19,4,2
1628256360,12.18,12.19,12.18,12.18,12.18,1,1
1628256361,12.18,12.19,12.18,12.18,12.18,0,0
1628256362,12.18,12.18,12.17,12.17,12.174,5,3
1628256363,12.17,12.17,12.17,12.17,12.17,1,1
1628256364,12.17,12.17,12.17,12.17,12.17,0,0
1628256365,12.17,12.17,12.17,12.17,12.17,0,0
1628256366,12.17,12.17,12.17,12.17,12.17,0,0
1628256367,12.17,12.17,12.17,12.17,12.17,0,0
1628256368,12.17,12.17,12.17,12.17,12.17,4,1
1628256369,12.17,12.17,12.17,12.17,12.17,0,0
1628256370,12.17,12.17,12.17,12.17,12.17,0,0
1628256371,12.17,12.17,12.17,12.17,12.17,0,0
1628256372,12.17,12.17,12.17,12.17,12.17,0,0
1628256373,12.17,12.17,12.17,12.17,12.17,0,0
1628256374,12.17,12.17,12.17,12.17,12.17,0,0
1628256375,12.17,12.17,12.17,12.17,12.17,0,0
1628256376,12.19,12.19,12.19,12.19,12.19,1,1
1628256377,12.19,12.19,12.19,12.19,12.19,0,0
1628256378,12.19,12.19,12.19,12.19,12.19,0,0
1628256379,12.19,12.19,12.19,12.19,12.19,0,0
1628256380,12.19,12.19,12.19,12.19,12.19,0,0
1628256381,12.19,12.19,12.19,12.19,12.19,3,2
1628256382,12.19,12.19,12.19,12.19,12.19,0,0
1628256383,12.19,12.19,12.19,12.19,12.19,0,0
1628256384,12.19,12.19,12.19,12.19,12.19,0,0
1628256385,12.19,12.19,12.19,12.19,12.19,0,0
1628256386,12.19,12.19,12.19,12.19,12.19,0,0
1628256387,12.19,12.19,12.19,12.19,12.19,0,0
1628256388,12.19,12.19,12.19,12.19,12.19,0,0
1628256389,12.19,12.19,12.19,12.19,12.19,0,0
1628256390,12.19,12.19,12.19,12.19,12.19,10,1
1628256391,12.19,12.19,12.19,12.19,12.19,0,0
1628256392,12.19,12.19,12.19,12.19,12.19,0,0
1628256393,12.18,12.18,12.18,12.18,12.18,1,1
1628256394,12.19,12.19,12.19,12.19,12.19,1,1
1628256395,12.19,12.19,12.19,12.19,12.19,0,0
1628256396,12.19,12.19,12.19,12.19,12.19,0,0
1628256397,12.19,12.19,12.19,12.19,12.19,0,0
1628256398,12.19,12.19,12.19,12.19,12.19,0,0
1628256399,12.19,12.19,12.19,12.19,12.19,2,2
1628256400,12.19,12.19,12.19,12.19,12.19,0,0
1628256401,12.19,12.19,12.19,12.19,12.19,0,0
1628256402,12.19,12.19,12.19,12.19,12.19,0,0
1628256403,12.19,12.19,12.19,12.19,12.19,0,0
1628256404,12.19,12.19,12.17,12.17,12.184,3,2
1628256405,12.17,12.17,12.17,12.17,12.17,0,0
1628256406,12.17,12.17,12.17,12.17,12.17,0,0
1628256407,12.17,12.17,12.17,12.17,12.17,1,1
1628256408,12.18,12.18,12.17,12.18,12.18,8,1
1628256409,12.18,12.18,12.17,12.18,12.18,0,0
1628256410,12.18,12.18,12.17,12.18,12.18,0,0
1628256411,12.18,12.18,12.17,12.18,12.18,0,0
1628256412,12.18,12.18,12.18,12.18,12.18,1,1
1628256413,12.18,12.18,12.18,12.18,12.18,0,0
1628256414,12.18,12.18,12.18,12.18,12.18,0,0
1628256415,12.17,12.19,12.17,12.19,12.189,20,4
1628256416,12.19,12.19,12.19,12.19,12.19,0,0
1628256417,12.19,12.19,12.19,12.19,12.19,0,0
1628256418,12.19,12.19,12.19,12.19,12.19,0,0
1628256419,12.19,12.19,12.19,12.19,12.19,0,0
1628256420,12.2,12.2,12.19,12.19,12.192,5,2
1628256421,12.19,12.19,12.19,12.19,12.19,0,0
1628256422,12.19,12.19,12.19,12.19,12.19,0,0
1628256423,12.19,12.19,12.19,12.19,12.19,0,0
1628256424,12.2,12.2,12.2,12.2,12.2,5,1
1628256425,12.2,12.2,12.2,12.2,12.2,0,0
1628256426,12.2,12.2,12.2,12.2,12.2,0,0
1628256427,12.19,12.19,12.19,12.19,12.19,3,1
1628256428,12.19,12.19,12.19,12.19,12.19,0,0
1628256429,12.19,12.19,12.19,12.19,12.19,0,0
1628256430,12.19,12.19,12.19,12.19,12.19,2,2
1628256431,12.19,12.19,12.19,12.19,12.19,0,0
1628256432,12.19,12.19,12.19,12.19,12.19,0,0
1628256433,12.17,12.17,12.17,12.17,12.17,59,1
1628256434,12.17,12.17,12.17,12.17,12.17,0,0
1628256435,12.17,12.17,12.17,12.17,12.17,0,0
1628256436,12.17,12.17,12.17,12.17,12.17,0,0
1628256437,12.17,12.17,12.17,12.17,12.17,0,0
1628256438,12.17,12.17,12.17,12.17,12.17,0,0
1628256439,12.17,12.17,12.17,12.17,12.17,0,0
1628256440,12.17,12.17,12.17,12.17,12.17,0,0
1628256441,12.17,12.17,12.17,12.17,12.17,0,0
1628256442,12.17,12.17,12.17,12.17,12.17,0,0
1628256443,12.17,12.17,12.17,12.17,12.17,0,0
1628256444,12.17,12.17,12.17,12.17,12.17,0,0
1628256445,12.15,12.15,12.15,12.15,12.15,1,1
1628256446,12.15,12.15,12.15,12.15,12.15,0,0
1628256447,12.15,12.15,12.15,12.15,12.15,0,0
1628256448,12.15,12.15,12.15,12.15,12.15,0,0
1628256449,12.15,12.15,12.15,12.15,12.15,0,0
1628256450,12.15,12.15,12.15,12.15,12.15,0,0
1628256451,12.15,12.15,12.15,12.15,12.15,0,0
1628256452,12.15,12.15,12.15,12.15,12.15,0,0
1628256453,12.15,12.15,12.15,12.15,12.15,0,0
1628256454,12.15,12.15,12.15,12.15,12.15,0,0
1628256455,12.15,12.15,12.15,12.15,12.15,11,1
1628256456,12.15,12.15,12.15,12.15,12.15,0,0
1628256457,12.15,12.15,12.15,12.15,12.15,0,0
1628256458,12.15,12.15,12.15,12.15,12.15,0,0
1628256459,12.15,12.15,12.15,12.15,12.15,0,0
1628256460,12.19,12.19,12.19,12.19,12.19,3,2
1628256461,12.15,12.15,12.15,12.15,12.15,1,1
1628256462,12.15,12.15,12.15,12.15,12.15,0,0
1628256463,12.15,12.15,12.15,12.15,12.15,0,0
1628256464,12.19,12.19,12.18,12.19,12.188,1,1
1628256465,12.15,12.15,12.13,12.13,12.141,13,3
1628256466,12.13,12.13,12.13,12.13,12.13,0,0
1628256467,12.13,12.13,12.13,12.13,12.13,0,0
1628256468,12.13,12.13,12.13,12.13,12.13,0,0
1628256469,12.13,12.13,12.13,12.13,12.13,0,0
1628256470,12.18,12.18,12.18,12.18,12.18,1,1
1628256471,12.18,12.18,12.18,12.18,12.18,0,0
1628256472,12.18,12.18,12.18,12.18,12.18,0,0
1628256473,12.18,12.18,12.18,12.18,12.18,0,0
1628256474,12.18,12.18,12.18,12.18,12.18,0,0
1628256475,12.18,12.18,12.18,12.18,12.18,0,0
1628256476,12.18,12.18,12.18,12.18,12.18,0,0
1628256477,12.18,12.18,12.18,12.18,12.18,0,0
1628256478,12.18,12.18,12.18,12.18,12.18,0,0
1628256479,12.18,12.18,12.18,12.18,12.18,0,0
1628256480,12.18,12.18,12.18,12.18,12.18,0,0
1628256481,12.18,12.18,12.18,12.18,12.18,0,0
1628256482,12.18,12.18,12.18,12.18,12.18,0,0
1628256483,12.18,12.18,12.18,12.18,12.18,0,0
1628256484,12.18,12.18,12.18,12.18,12.18,0,0
1628256485,12.18,12.18,12.18,12.18,12.18,0,0
1628256486,12.18,12.18,12.18,12.18,12.18,0,0
1628256487,12.17,12.17,12.17,12.17,12.17,1,1
1628256488,12.17,12.17,12.17,12.17,12.17,0,0
1628256489,12.19,12.19,12.19,12.19,12.19,1,1
1628256490,12.19,12.19,12.19,12.19,12.19,0,0
1628256491,12.19,12.19,12.19,12.19,12.19,0,0
1628256492,12.19,12.19,12.19,12.19,12.19,0,0
1628256493,12.19,12.19,12.19,12.19,12.19,0,0
1628256494,12.19,12.19,12.19,12.19,12.19,0,0
1628256495,12.19,12.19,12.19,12.19,12.19,0,0
1628256496,12.19,12.19,12.19,12.19,12.19,0,0
1628256497,12.19,12.19,12.19,12.19,12.19,0,0
1628256498,12.19,12.19,12.19,12.19,12.19,0,0
1628256499,12.19,12.19,12.19,12.19,12.19,0,0
1628256500,12.19,12.19,12.19,12.19,12.19,0,0
1628256501,12.19,12.19,12.19,12.19,12.19,0,0
1628256502,12.19,12.19,12.19,12.19,12.19,0,0
1628256503,12.19,12.19,12.19,12.19,12.19,0,0
1628256504,12.19,12.19,12.19,12.19,12.19,0,0
1628256505,12.19,12.19,12.19,12.19,12.19,0,0
1628256506,12.19,12.19,12.19,12.19,12.19,0,0
1628256507,12.19,12.19,12.19,12.19,12.19,3,3
1628256508,12.19,12.19,12.19,12.19,12.19,0,0
1628256509,12.18,12.19,12.18,12.19,12.182,5,2
1628256510,12.19,12.19,12.19,12.19,12.19,0,0
1628256511,12.19,12.19,12.19,12.19,12.19,0,0
1628256512,12.19,12.19,12.19,12.19,12.19,0,0
1628256513,12.19,12.19,12.19,12.19,12.19,0,0
1628256514,12.19,12.19,12.19,12.19,12.19,0,0
1628256515,12.19,12.19,12.19,12.19,12.19,0,0
1628256516,12.19,12.19,12.19,12.19,12.19,0,0
1628256517,12.15,12.15,12.15,12.15,12.15,1,1
1628256518,12.15,12.15,12.15,12.15,12.15,0,0
1628256519,12.18,12.18,12.18,12.18,12.18,4,1
1628256520,12.18,12.18,12.18,12.18,12.18,0,0
1628256521,12.18,12.18,12.18,12.18,12.18,0,0
1628256522,12.18,12.18,12.18,12.18,12.18,0,0
1628256523,12.18,12.18,12.18,12.18,12.18,0,0
1628256524,12.18,12.18,12.18,12.18,12.18,0,0
1628256525,12.18,12.18,12.18,12.18,12.18,0,0
1628256526,12.18,12.18,12.18,12.18,12.18,0,0
1628256527,12.18,12.18,12.18,12.18,12.18,0,0
1628256528,12.18,12.18,12.18,12.18,12.18,0,0
1628256529,12.18,12.18,12.18,12.18,12.18,0,0
1628256530,12.18,12.18,12.18,12.18,12.18,0,0
1628256531,12.18,12.18,12.18,12.18,12.18,0,0
1628256532,12.18,12.18,12.18,12.18,12.18,0,0
1628256533,12.18,12.18,12.18,12.18,12.18,0,0
1628256534,12.19,12.19,12.19,12.19,12.19,6,5
1628256535,12.19,12.19,12.19,12.19,12.19,0,0
1628256536,12.19,12.19,12.19,12.19,12.19,0,0
1628256537,12.18,12.18,12.18,12.18,12.18,1,1
1628256538,12.18,12.18,12.18,12.18,12.18,0,0
1628256539,12.18,12.18,12.18,12.18,12.18,0,0
1628256540,12.18,12.18,12.18,12.18,12.18,0,0
1628256541,12.18,12.18,12.18,12.18,12.18,0,0
1628256542,12.18,12.18,12.18,12.18,12.18,0,0
1628256543,12.18,12.18,12.18,12.18,12.18,0,0
1628256544,12.18,12.18,12.18,12.18,12.18,0,0
1628256545,12.18,12.18,12.18,12.18,12.18,0,0
1628256546,12.19,12.19,12.18,12.19,12.185,21,4
1628256547,12.19,12.19,12.19,12.19,12.19,0,0
1628256548,12.19,12.19,12.19,12.19,12.19,0,0
1628256549,12.19,12.19,12.19,12.19,12.19,0,0
1628256550,12.19,12.19,12.19,12.19,12.19,0,0
1628256551,12.19,12.19,12.19,12.19,12.19,0,0
1628256552,12.19,12.19,12.19,12.19,12.19,0,0
1628256553,12.19,12.19,12.19,12.19,12.19,0,0
1628256554,12.15,12.15,12.15,12.15,12.15,18,3
1628256555,12.15,12.15,12.15,12.15,12.15,0,0
1628256556,12.14,12.14,12.13,12.13,12.131,11,9
1628256557,12.13,12.13,12.13,12.13,12.13,0,0
1628256558,12.13,12.13,12.13,12.13,12.13,0,0
1628256559,12.13,12.13,12.13,12.13,12.13,0,0
1628256560,12.13,12.13,12.13,12.13,12.13,0,0
1628256561,12.13,12.13,12.13,12.13,12.13,0,0
1628256562,12.13,12.13,12.13,12.13,12.13,0,0
1628256563,12.12,12.12,12.1,12.1,12.11,9,2
1628256564,12.11,12.11,12.11,12.11,12.11,2,1
1628256565,12.11,12.11,12.11,12.11,12.11,0,0
1628256566,12.15,12.15,12.15,12.15,12.15,1,1
1628256567,12.15,12.15,12.15,12.15,12.15,0,0
1628256568,12.15,12.15,12.15,12.15,12.15,0,0
1628256569,12.15,12.15,12.15,12.15,12.15,0,0
1628256570,12.15,12.15,12.15,12.15,12.15,0,0
1628256571,12.15,12.15,12.15,12.15,12.15,0,0
1628256572,12.15,12.15,12.15,12.15,12.15,0,0
1628256573,12.15,12.15,12.15,12.15,12.15,0,0
1628256574,12.15,12.15,12.15,12.15,12.15,0,0
1628256575,12.17,12.2,12.1,12.1,12.191,40,7
1628256576,12.1,12.1,12.1,12.1,12.1,0,0
1628256577,12.18,12.18,12.18,12.18,12.18,1,1
1628256578,12.18,12.18,12.18,12.18,12.18,0,0
1628256579,12.18,12.18,12.18,12.18,12.18,0,0
1628256580,12.18,12.18,12.18,12.18,12.18,0,0
1628256581,12.18,12.18,12.18,12.18,12.18,0,0
1628256582,12.18,12.18,12.18,12.18,12.18,0,0
1628256583,12.18,12.18,12.18,12.18,12.18,0,0
1628256584,12.18,12.18,12.18,12.18,12.18,0,0
1628256585,12.18,12.18,12.18,12.18,12.18,0,0
1628256586,12.18,12.18,12.18,12.18,12.18,0,0
1628256587,12.18,12.18,12.18,12.18,12.18,0,0
1628256588,12.18,12.18,12.18,12.18,12.18,0,0
1628256589,12.18,12.18,12.18,12.18,12.18,0,0
1628256590,12.18,12.18,12.18,12.18,12.18,0,0
1628256591,12.18,12.18,12.18,12.18,12.18,0,0
1628256592,12.18,12.18,12.18,12.18,12.18,0,0
1628256593,12.14,12.14,12.12,12.12,12.125,7,4
1628256594,12.12,12.12,12.12,12.12,12.12,0,0
1628256595,12.12,12.12,12.12,12.12,12.12,0,0
1628256596,12.12,12.12,12.12,12.12,12.12,0,0
1628256597,12.12,12.12,12.12,12.12,12.12,0,0
1628256598,12.12,12.12,12.12,12.12,12.12,0,0
1628256599,12.12,12.12,12.12,12.12,12.12,0,0
