date,open,high,low,close,average,volume,count
1636099200,397.87,397.87,397.8,397.83,397.824,28,7
1636099260,397.86,397.91,397.86,397.91,397.87,32,8
1636099320,397.93,398.0,397.93,397.95,397.965,5,5
1636099380,397.98,398.06,397.98,398.06,398.018,18,4
1636099440,398.06,398.06,398.05,398.05,398.053,6,2
1636099500,398.07,398.14,398.07,398.1,398.094,5,4
1636099560,398.06,398.08,398.06,398.06,398.065,5,4
1636099620,398.06,398.12,398.06,398.12,398.1,9,4
1636099680,398.13,398.13,398.13,398.13,398.13,1,1
1636099740,398.11,398.11,398.11,398.11,398.11,3,1
1636099800,398.15,398.15,398.15,398.15,398.15,10,3
1636099860,398.29,398.29,398.26,398.26,398.274,6,2
1636099920,398.2,398.22,398.2,398.22,398.215,7,2
1636099980,398.3,398.32,398.26,398.32,398.267,14,5
1636100040,398.32,398.32,398.32,398.32,398.32,0,0
1636100100,398.32,398.32,398.32,398.32,398.32,0,0
1636100160,398.32,398.32,398.32,398.32,398.32,0,0
1636100220,398.32,398.32,398.32,398.32,398.32,0,0
1636100280,398.32,398.32,398.32,398.32,398.32,0,0
1636100340,398.32,398.32,398.32,398.32,398.32,0,0
1636100400,398.32,398.32,398.32,398.32,398.32,0,0
1636100460,398.44,398.44,398.44,398.44,398.44,1,1
1636100520,398.4,398.4,398.4,398.4,398.4,19,2
1636100580,398.42,398.42,398.42,398.42,398.42,3,1
1636100640,398.42,398.42,398.42,398.42,398.42,0,0
1636100700,398.59,398.59,398.59,398.59,398.59,1,1
1636100760,398.59,398.59,398.59,398.59,398.59,0,0
1636100820,398.52,398.52,398.52,398.52,398.52,1,1
1636100880,398.5,398.5,398.48,398.48,398.49,37,4
1636100940,398.47,398.51,398.47,398.51,398.494,10,2
1636101000,398.5,398.5,398.5,398.5,398.5,4,1
1636101060,398.5,398.5,398.5,398.5,398.5,0,0
1636101120,398.41,398.41,398.41,398.41,398.41,2,1
1636101180,398.41,398.41,398.41,398.41,398.41,0,0
1636101240,398.37,398.4,398.37,398.4,398.387,22,4
1636101300,398.4,398.4,398.4,398.4,398.4,5,1
1636101360,398.4,398.4,398.4,398.4,398.4,0,0
1636101420,398.47,398.47,398.47,398.47,398.47,6,2
1636101480,398.47,398.47,398.47,398.47,398.47,0,0
1636101540,398.47,398.47,398.47,398.47,398.47,0,0
1636101600,398.47,398.47,398.47,398.47,398.47,0,0
1636101660,398.6,398.6,398.6,398.6,398.6,9,1
1636101720,398.6,398.6,398.6,398.6,398.6,0,0
1636101780,398.6,398.6,398.6,398.6,398.6,0,0
1636101840,398.6,398.6,398.6,398.6,398.6,0,0
1636101900,398.6,398.6,398.6,398.6,398.6,0,0
1636101960,398.6,398.6,398.6,398.6,398.6,0,0
1636102020,398.66,398.66,398.66,398.66,398.66,1,1
1636102080,398.66,398.66,398.66,398.66,398.66,0,0
1636102140,398.68,398.68,398.68,398.68,398.68,3,1
1636102200,398.68,398.68,398.68,398.68,398.68,0,0
1636102260,398.6,398.6,398.58,398.58,398.599,19,3
1636102320,398.63,398.63,398.63,398.63,398.63,5,1
1636102380,398.64,398.64,398.64,398.64,398.64,3,1
1636102440,398.6,398.6,398.6,398.6,398.6,1,1
1636102500,398.55,398.55,398.55,398.55,398.55,5,2
1636102560,398.55,398.55,398.55,398.55,398.55,0,0
1636102620,398.55,398.55,398.55,398.55,398.55,0,0
1636102680,398.55,398.55,398.55,398.55,398.55,0,0
1636102740,398.55,398.55,398.55,398.55,398.55,0,0
1636102800,398.69,398.69,398.65,398.65,398.655,23,5
1636102860,398.7,398.7,398.7,398.7,398.7,18,2
1636102920,398.7,398.7,398.7,398.7,398.7,0,0
1636102980,398.7,398.7,398.7,398.7,398.7,0,0
1636103040,398.9,398.9,398.9,398.9,398.9,8,1
1636103100,398.9,398.9,398.9,398.9,398.9,0,0
1636103160,398.9,398.9,398.9,398.9,398.9,0,0
1636103220,398.9,398.9,398.9,398.9,398.9,0,0
1636103280,398.9,398.9,398.9,398.9,398.9,0,0
1636103340,398.9,398.9,398.9,398.9,398.9,0,0
1636103400,398.88,398.88,398.88,398.88,398.88,3,1
1636103460,398.88,398.88,398.88,398.88,398.88,0,0
1636103520,398.88,398.88,398.88,398.88,398.88,0,0
1636103580,398.89,398.89,398.89,398.89,398.89,4,1
1636103640,398.81,398.81,398.81,398.81,398.81,1,1
1636103700,398.81,398.81,398.81,398.81,398.81,0,0
1636103760,398.84,398.84,398.84,398.84,398.84,4,1
1636103820,398.84,398.84,398.84,398.84,398.84,0,0
1636103880,398.84,398.84,398.84,398.84,398.84,0,0
1636103940,398.8,398.8,398.8,398.8,398.8,2,1
1636104000,398.8,398.8,398.8,398.8,398.8,3,1
1636104060,398.8,398.8,398.8,398.8,398.8,0,0
1636104120,398.8,398.8,398.8,398.8,398.8,0,0
1636104180,398.8,398.8,398.8,398.8,398.8,0,0
1636104240,398.8,398.8,398.8,398.8,398.8,0,0
1636104300,398.86,398.86,398.86,398.86,398.86,1,1
1636104360,398.86,398.86,398.86,398.86,398.86,0,0
1636104420,398.95,398.95,398.95,398.95,398.95,8,1
1636104480,399.0,399.0,398.97,398.97,398.997,8,2
1636104540,399.0,399.0,399.0,399.0,399.0,1,1
1636104600,399.11,399.14,399.11,399.14,399.128,6,2
1636104660,399.14,399.14,399.14,399.14,399.14,0,0
1636104720,399.14,399.14,399.14,399.14,399.14,0,0
1636104780,399.11,399.11,399.11,399.11,399.11,1,1
1636104840,399.11,399.11,399.11,399.11,399.11,2,1
1636104900,399.18,399.18,399.18,399.18,399.18,9,2
1636104960,399.18,399.18,399.18,399.18,399.18,0,0
1636105020,399.18,399.18,399.18,399.18,399.18,0,0
1636105080,399.24,399.36,399.24,399.36,399.328,13,5
1636105140,399.38,399.42,399.38,399.42,399.39,31,7
1636105200,399.38,399.44,399.38,399.4,399.388,10,4
1636105260,399.36,399.36,399.36,399.36,399.36,10,2
1636105320,399.39,399.39,399.3,399.32,399.364,114,24
1636105380,399.36,399.36,399.34,399.34,399.346,3,2
1636105440,399.34,399.34,399.34,399.34,399.34,0,0
1636105500,399.42,399.42,399.42,399.42,399.42,1,1
1636105560,399.48,399.6,399.48,399.6,399.553,22,5
1636105620,399.6,399.6,399.6,399.6,399.6,0,0
1636105680,399.56,399.56,399.56,399.56,399.56,17,3
1636105740,399.54,399.54,399.54,399.54,399.54,7,1
1636105800,399.54,399.54,399.53,399.53,399.534,21,5
1636105860,399.53,399.53,399.53,399.53,399.53,0,0
1636105920,399.61,399.61,399.61,399.61,399.61,17,2
1636105980,399.66,399.73,399.66,399.73,399.691,17,3
1636106040,399.73,399.73,399.73,399.73,399.73,0,0
1636106100,399.78,399.79,399.78,399.79,399.787,6,3
1636106160,399.8,399.87,399.8,399.87,399.866,20,3
1636106220,399.91,399.91,399.81,399.81,399.863,11,3
1636106280,399.86,400.0,399.86,400.0,399.937,48,12
1636106340,400.0,400.0,400.0,400.0,400.0,0,0
1636106400,399.89,399.89,399.88,399.88,399.888,9,2
1636106460,399.98,400.0,399.97,400.0,399.982,32,10
1636106520,400.04,400.07,400.04,400.07,400.056,17,3
1636106580,400.02,400.07,400.01,400.07,400.016,42,6
1636106640,400.09,400.09,400.09,400.09,400.09,2,1
1636106700,400.08,400.15,400.06,400.15,400.088,6,3
1636106760,400.15,400.17,400.15,400.16,400.165,16,4
1636106820,400.14,400.14,400.14,400.14,400.14,3,1
1636106880,400.26,400.26,400.26,400.26,400.26,5,2
1636106940,400.23,400.23,400.21,400.21,400.228,9,3
1636107000,400.29,400.29,400.2,400.23,400.222,19,5
1636107060,400.22,400.24,400.22,400.24,400.225,20,5
1636107120,400.22,400.22,400.19,400.19,400.21,6,2
1636107180,400.19,400.25,400.19,400.19,400.225,33,9
1636107240,400.19,400.19,400.17,400.17,400.187,5,2
1636107300,400.13,400.13,400.11,400.11,400.127,37,8
1636107360,400.18,400.18,400.15,400.18,400.166,11,4
1636107420,400.2,400.21,400.16,400.16,400.189,13,4
1636107480,400.23,400.23,400.23,400.23,400.23,10,2
1636107540,400.23,400.23,400.23,400.23,400.23,0,0
1636107600,400.32,400.35,400.32,400.35,400.328,20,5
1636107660,400.34,400.37,400.34,400.36,400.365,11,3
1636107720,400.35,400.35,400.35,400.35,400.35,10,2
1636107780,400.33,400.33,400.33,400.33,400.33,2,1
1636107840,400.29,400.29,400.23,400.23,400.24,6,3
1636107900,400.26,400.26,400.26,400.26,400.26,3,1
1636107960,400.29,400.32,400.28,400.32,400.297,5,3
1636108020,400.31,400.31,400.3,400.3,400.303,11,4
1636108080,400.25,400.25,400.25,400.25,400.25,5,1
1636108140,400.25,400.25,400.25,400.25,400.25,0,0
1636108200,400.22,400.22,400.22,400.22,400.22,3,1
1636108260,400.22,400.22,400.22,400.22,400.22,0,0
1636108320,400.13,400.14,400.13,400.14,400.137,3,2
1636108380,400.16,400.16,400.16,400.16,400.16,5,1
1636108440,400.13,400.13,400.13,400.13,400.13,1,1
1636108500,400.13,400.13,400.13,400.13,400.13,0,0
1636108560,400.11,400.11,400.11,400.11,400.11,4,1
1636108620,400.11,400.11,400.11,400.11,400.11,0,0
1636108680,400.18,400.19,400.18,400.19,400.188,39,8
1636108740,400.17,400.17,400.17,400.17,400.17,5,1
1636108800,400.17,400.17,400.17,400.17,400.17,0,0
1636108860,400.14,400.15,400.13,400.13,400.138,8,3
1636108920,400.11,400.11,400.07,400.08,400.091,16,6
1636108980,400.1,400.1,400.1,400.1,400.1,5,1
1636109040,400.02,400.03,400.02,400.02,400.025,13,3
1636109100,400.02,400.03,399.97,399.97,400.014,61,9
1636109160,399.99,399.99,399.98,399.98,399.988,10,2
1636109220,400.0,400.01,400.0,400.0,400.007,25,9
1636109280,399.99,399.99,399.94,399.94,399.956,90,18
1636109340,399.95,399.96,399.94,399.95,399.949,74,19
1636109400,399.93,399.93,399.91,399.91,399.916,52,10
1636109460,399.95,399.95,399.95,399.95,399.95,20,4
1636109520,399.92,399.92,399.85,399.85,399.877,75,21
1636109580,399.86,399.86,399.77,399.77,399.805,17,6
1636109640,399.8,399.8,399.8,399.8,399.8,12,3
1636109700,399.82,399.82,399.81,399.81,399.816,32,7
1636109760,399.8,399.84,399.8,399.84,399.822,57,11
1636109820,399.76,399.82,399.76,399.82,399.776,6,3
1636109880,399.8,399.8,399.8,399.8,399.8,16,4
1636109940,399.76,399.79,399.76,399.79,399.765,6,3
1636110000,399.78,399.85,399.78,399.85,399.818,24,9
1636110060,399.8,399.8,399.72,399.77,399.758,40,14
1636110120,399.68,399.68,399.53,399.57,399.627,99,32
1636110180,399.57,399.57,399.57,399.57,399.57,0,0
1636110240,399.52,399.55,399.5,399.52,399.522,31,13
1636110300,399.5,399.57,399.49,399.57,399.535,85,19
1636110360,399.61,399.61,399.53,399.54,399.555,69,14
1636110420,399.54,399.57,399.53,399.54,399.543,55,15
1636110480,399.54,399.54,399.54,399.54,399.54,24,3
1636110540,399.52,399.54,399.52,399.52,399.526,51,6
1636110600,399.52,399.59,399.52,399.57,399.553,24,6
1636110660,399.64,399.64,399.5,399.5,399.565,80,16
1636110720,399.5,399.56,399.45,399.45,399.533,32,9
1636110780,399.43,399.45,399.41,399.45,399.432,27,10
1636110840,399.43,399.46,399.39,399.46,399.438,18,7
1636110900,399.44,399.44,399.39,399.41,399.424,24,8
1636110960,399.4,399.4,399.3,399.3,399.354,135,20
1636111020,399.31,399.34,399.29,399.29,399.296,16,8
1636111080,399.31,399.33,399.31,399.33,399.322,5,4
1636111140,399.34,399.34,399.3,399.31,399.325,97,35
1636111200,399.32,399.33,399.18,399.18,399.244,44,13
1636111260,399.22,399.23,399.22,399.23,399.227,14,2
1636111320,399.11,399.11,399.08,399.08,399.084,8,4
1636111380,399.07,399.07,399.0,399.04,399.035,57,18
1636111440,398.96,398.97,398.92,398.97,398.95,9,3
1636111500,398.94,398.94,398.88,398.94,398.925,53,17
1636111560,398.96,398.99,398.88,398.91,398.937,54,19
1636111620,398.9,398.9,398.83,398.83,398.852,5,5
1636111680,398.81,398.81,398.75,398.75,398.794,42,19
1636111740,398.7,398.7,398.56,398.56,398.648,21,7
1636111800,398.54,398.61,398.5,398.6,398.553,13,10
1636111860,398.59,398.67,398.51,398.67,398.621,42,10
1636111920,398.7,398.72,398.68,398.72,398.704,5,5
1636111980,398.84,398.91,398.81,398.88,398.887,17,7
1636112040,398.87,398.89,398.86,398.86,398.872,60,22
1636112100,398.86,398.86,398.8,398.8,398.843,9,3
1636112160,398.94,398.94,398.92,398.92,398.928,4,4
1636112220,398.94,398.94,398.86,398.86,398.908,13,4
1636112280,398.89,398.89,398.89,398.89,398.89,1,1
1636112340,398.83,398.83,398.78,398.81,398.803,16,10
1636112400,398.78,398.78,398.68,398.71,398.727,25,14
1636112460,398.74,398.75,398.71,398.71,398.725,5,4
1636112520,398.77,398.77,398.74,398.75,398.754,58,18
1636112580,398.75,398.78,398.75,398.78,398.761,2,2
1636112640,398.77,398.77,398.73,398.73,398.75,2,2
1636112700,398.73,398.73,398.63,398.63,398.687,28,20
1636112760,398.7,398.72,398.69,398.69,398.707,7,6
1636112820,398.67,398.71,398.67,398.7,398.703,21,6
1636112880,398.7,398.72,398.7,398.72,398.71,4,4
1636112940,398.65,398.65,398.6,398.6,398.622,205,67
1636113000,398.62,398.63,398.62,398.63,398.627,12,9
1636113060,398.57,398.65,398.57,398.65,398.634,8,6
1636113120,398.71,398.72,398.71,398.72,398.713,4,2
1636113180,398.71,398.71,398.68,398.68,398.687,272,55
1636113240,398.68,398.71,398.68,398.71,398.698,518,59
1636113300,398.71,398.78,398.71,398.78,398.732,308,50
1636113360,398.82,398.86,398.82,398.86,398.842,324,30
1636113420,398.84,398.87,398.83,398.87,398.85,270,49
1636113480,398.87,398.9,398.84,398.87,398.877,464,65
1636113540,398.88,398.9,398.88,398.89,398.888,282,68
1636113600,399.81,400.19,398.53,398.86,399.048,216,62
1636113660,397.6,398.81,397.6,398.81,398.414,22,6
1636113720,398.81,398.81,398.81,398.81,398.81,0,0
1636113780,398.8,398.8,398.78,398.78,398.795,50,15
1636113840,398.81,398.83,398.81,398.82,398.822,6,5
1636113900,398.85,398.88,398.85,398.88,398.878,17,8
1636113960,398.89,398.9,398.85,398.86,398.881,148,34
1636114020,398.9,398.92,398.88,398.92,398.907,203,22
1636114080,398.91,398.93,398.85,398.85,398.897,74,19
1636114140,398.85,398.87,398.81,398.84,398.839,32,15
1636114200,398.82,398.83,398.82,398.83,398.826,5,4
1636114260,398.81,398.82,398.8,398.8,398.815,6,4
1636114320,398.9,398.9,398.88,398.88,398.893,15,6
1636114380,398.87,398.87,398.83,398.83,398.841,5,2
1636114440,398.86,398.86,398.85,398.85,398.857,6,4
1636114500,398.82,398.83,398.77,398.77,398.796,18,11
1636114560,398.77,398.77,398.76,398.77,398.765,13,5
1636114620,398.77,398.77,398.77,398.77,398.77,0,0
1636114680,398.83,398.83,398.8,398.8,398.803,19,5
1636114740,398.8,398.8,398.8,398.8,398.8,0,0
1636114800,398.81,398.82,398.76,398.76,398.784,35,14
1636114860,398.78,398.78,398.78,398.78,398.78,6,3
1636114920,398.78,398.78,398.78,398.78,398.78,2,1
1636114980,398.78,398.83,398.78,398.83,398.797,21,8
1636115040,398.86,398.89,398.86,398.89,398.885,6,2
1636115100,398.87,398.92,398.87,398.92,398.912,6,3
1636115160,398.98,399.01,398.97,398.98,398.989,198,82
1636115220,398.98,398.98,398.83,398.84,398.887,73,35
1636115280,398.87,398.87,398.76,398.79,398.773,111,21
1636115340,398.8,398.8,398.78,398.8,398.794,25,10
1636115400,398.8,398.95,398.52,398.6,398.673,466,82
1636115460,398.55,398.56,398.12,398.37,398.346,563,156
1636115520,398.38,398.9,398.32,398.9,398.557,211,73
1636115580,398.91,399.37,398.87,399.37,399.171,819,204
1636115640,399.33,399.37,399.24,399.28,399.299,176,47
1636115700,399.42,399.72,399.42,399.71,399.548,315,82
1636115760,399.68,399.75,399.55,399.63,399.702,612,159
1636115820,399.58,399.63,399.49,399.49,399.573,219,57
1636115880,399.52,399.62,399.5,399.62,399.546,133,51
1636115940,399.57,399.59,399.11,399.11,399.266,170,57
1636116000,399.1,399.38,399.1,399.33,399.209,194,53
1636116060,399.33,399.38,399.28,399.28,399.307,40,19
1636116120,399.25,399.25,399.12,399.23,399.173,113,41
1636116180,399.23,399.24,399.09,399.09,399.187,85,31
1636116240,399.06,399.23,399.0,399.19,399.087,57,26
1636116300,399.15,399.15,398.93,399.02,399.029,183,60
1636116360,399.07,399.26,399.07,399.26,399.16,41,18
1636116420,399.2,399.22,399.1,399.1,399.182,34,12
1636116480,399.1,399.22,399.1,399.22,399.175,113,41
1636116540,399.2,399.3,399.2,399.27,399.267,46,19
1636116600,399.28,399.3,399.22,399.3,399.266,122,29
1636116660,399.35,399.36,399.23,399.23,399.298,36,12
1636116720,399.18,399.3,399.14,399.29,399.199,58,21
1636116780,399.3,399.32,399.26,399.32,399.307,36,11
1636116840,399.38,399.46,399.38,399.4,399.416,161,55
1636116900,399.39,399.39,399.26,399.31,399.309,23,14
1636116960,399.34,399.42,399.34,399.41,399.401,167,40
1636117020,399.4,399.42,399.38,399.38,399.413,67,19
1636117080,399.4,399.44,399.4,399.4,399.423,146,24
1636117140,399.42,399.42,399.42,399.42,399.42,1,1
1636117200,399.43,399.52,399.42,399.42,399.483,87,20
1636117260,399.43,399.52,399.43,399.46,399.48,29,15
1636117320,399.44,399.44,399.29,399.38,399.362,25,16
1636117380,399.4,399.41,399.38,399.41,399.395,36,7
1636117440,399.44,399.47,399.44,399.46,399.459,16,6
1636117500,399.45,399.47,399.4,399.46,399.42,63,35
1636117560,399.49,399.58,399.49,399.57,399.542,112,40
1636117620,399.59,399.66,399.58,399.63,399.626,30,23
1636117680,399.64,399.64,399.63,399.63,399.631,12,11
1636117740,399.65,399.74,399.65,399.72,399.708,54,19
1636117800,399.75,399.8,399.75,399.79,399.775,74,31
1636117860,399.79,399.79,399.69,399.71,399.721,36,14
1636117920,399.68,399.73,399.66,399.73,399.693,27,14
1636117980,399.71,399.85,399.68,399.85,399.758,110,31
1636118040,399.85,399.88,399.8,399.88,399.84,251,66
1636118100,399.88,399.99,399.88,399.99,399.905,226,58
1636118160,399.99,400.0,399.92,399.93,399.948,96,39
1636118220,399.94,399.98,399.9,399.98,399.922,28,13
1636118280,399.96,399.96,399.88,399.88,399.904,84,24
1636118340,399.85,399.9,399.85,399.87,399.882,46,17
1636118400,399.93,399.97,399.93,399.96,399.944,61,25
1636118460,399.95,400.08,399.95,400.08,399.982,154,56
1636118520,400.06,400.22,400.06,400.22,400.124,221,81
1636118580,400.21,400.25,400.18,400.22,400.208,106,32
1636118640,400.23,400.31,400.19,400.29,400.243,92,35
1636118700,400.18,400.18,400.08,400.08,400.162,117,28
1636118760,400.1,400.2,400.1,400.1,400.115,365,73
1636118820,400.1,400.11,399.94,399.94,400.074,124,37
1636118880,399.91,400.0,399.87,399.95,399.932,306,99
1636118940,399.96,400.08,399.93,400.02,400.009,351,80
1636119000,400.04,400.22,399.56,399.95,399.871,4999,1818
1636119060,399.96,400.32,399.83,400.18,400.02,2030,1027
1636119120,400.18,400.42,400.16,400.37,400.297,1320,685
1636119180,400.37,400.48,400.14,400.28,400.316,1647,964
1636119240,400.28,400.37,400.15,400.22,400.237,1059,604
1636119300,400.2,400.77,400.2,400.61,400.576,2399,1138
1636119360,400.61,400.77,400.53,400.57,400.658,1562,913
1636119420,400.53,400.8,400.51,400.8,400.678,1515,671
1636119480,400.81,400.99,400.77,400.85,400.887,1211,558
1636119540,400.84,400.95,400.7,400.79,400.773,2303,1079
1636119600,400.78,400.89,400.33,400.61,400.611,2257,1082
1636119660,400.62,400.66,400.43,400.52,400.532,1862,848
1636119720,400.52,400.56,400.03,400.11,400.259,1918,896
1636119780,400.12,400.25,400.05,400.09,400.146,1585,774
1636119840,400.09,400.38,400.02,400.36,400.224,1965,752
1636119900,400.36,400.48,400.21,400.42,400.367,1774,812
1636119960,400.4,400.55,400.13,400.27,400.376,1534,632
1636120020,400.27,400.41,400.15,400.17,400.26,1183,491
1636120080,400.17,400.29,399.81,399.81,400.104,2542,1234
1636120140,399.83,399.83,399.51,399.75,399.647,2261,1066
1636120200,399.77,399.87,399.25,399.27,399.58,1708,894
1636120260,399.27,399.64,399.18,399.54,399.454,1477,756
1636120320,399.54,399.76,399.47,399.76,399.619,1026,494
1636120380,399.75,399.78,399.46,399.51,399.592,994,499
1636120440,399.5,399.54,399.25,399.37,399.396,720,349
1636120500,399.35,399.65,399.35,399.42,399.513,992,550
1636120560,399.41,399.54,399.23,399.45,399.379,1139,650
1636120620,399.46,399.58,399.35,399.54,399.469,1241,657
1636120680,399.55,399.69,399.4,399.68,399.542,1106,682
1636120740,399.67,400.19,399.58,400.19,399.868,1409,844
1636120800,400.2,400.38,400.1,400.22,400.237,1902,878
1636120860,400.22,400.28,400.16,400.24,400.221,1138,620
1636120920,400.25,400.49,400.25,400.44,400.387,1179,579
1636120980,400.46,400.63,400.46,400.57,400.556,1176,663
1636121040,400.57,400.66,400.49,400.65,400.564,1874,850
1636121100,400.65,400.66,400.4,400.46,400.48,2166,968
1636121160,400.45,400.57,400.31,400.31,400.458,779,415
1636121220,400.34,400.43,400.09,400.09,400.3,949,479
1636121280,400.1,400.21,400.02,400.02,400.136,685,365
1636121340,400.04,400.05,399.7,399.85,399.837,1270,640
1636121400,399.87,400.01,399.74,399.97,399.892,801,429
1636121460,400.0,400.28,399.96,400.13,400.155,1102,571
1636121520,400.13,400.41,400.1,400.36,400.317,1224,533
1636121580,400.36,400.47,400.27,400.36,400.393,981,539
1636121640,400.39,400.51,400.27,400.5,400.385,1054,583
1636121700,400.51,400.79,400.51,400.71,400.677,1380,767
1636121760,400.7,400.79,400.54,400.6,400.662,1745,710
1636121820,400.6,400.8,400.6,400.75,400.725,1157,517
1636121880,400.75,400.87,400.59,400.72,400.74,1153,541
1636121940,400.72,400.74,400.49,400.54,400.577,860,458
1636122000,400.53,400.55,400.34,400.4,400.434,852,436
1636122060,400.39,400.5,400.33,400.37,400.407,815,455
1636122120,400.36,400.6,400.32,400.54,400.512,695,366
1636122180,400.6,400.67,400.58,400.59,400.627,702,392
1636122240,400.6,400.6,400.45,400.48,400.524,568,333
1636122300,400.49,400.59,400.42,400.51,400.492,1080,456
1636122360,400.51,400.54,400.37,400.48,400.47,762,346
1636122420,400.5,400.55,400.28,400.37,400.404,425,246
1636122480,400.37,400.38,400.06,400.15,400.184,1042,539
1636122540,400.14,400.43,400.08,400.28,400.27,689,410
1636122600,400.28,400.46,400.25,400.41,400.374,944,520
1636122660,400.38,400.54,400.33,400.33,400.474,497,270
1636122720,400.33,400.54,400.32,400.43,400.46,582,318
1636122780,400.41,400.52,400.4,400.45,400.455,476,299
1636122840,400.44,400.5,400.35,400.39,400.433,402,200
1636122900,400.38,400.46,400.26,400.4,400.357,581,346
1636122960,400.39,400.61,400.38,400.58,400.511,605,302
1636123020,400.57,400.62,400.46,400.51,400.552,358,237
1636123080,400.53,400.59,400.5,400.54,400.53,330,217
1636123140,400.55,400.67,400.55,400.64,400.631,480,240
1636123200,400.64,400.75,400.6,400.63,400.668,374,202
1636123260,400.64,400.65,400.39,400.49,400.508,446,198
1636123320,400.49,400.72,400.49,400.7,400.599,269,156
1636123380,400.69,400.75,400.62,400.66,400.69,451,257
1636123440,400.65,400.66,400.44,400.46,400.559,553,207
1636123500,400.49,400.66,400.45,400.62,400.6,383,169
1636123560,400.62,400.65,400.52,400.55,400.568,625,289
1636123620,400.53,400.56,400.28,400.28,400.416,734,341
1636123680,400.27,400.54,400.27,400.48,400.443,518,328
1636123740,400.46,400.58,400.3,400.3,400.434,237,137
1636123800,400.32,400.47,400.32,400.35,400.388,469,274
1636123860,400.34,400.47,400.31,400.41,400.387,527,304
1636123920,400.44,400.52,400.37,400.51,400.467,322,188
1636123980,400.5,400.52,400.42,400.52,400.472,348,167
1636124040,400.52,400.67,400.5,400.54,400.584,736,305
1636124100,400.55,400.6,400.43,400.49,400.505,257,144
1636124160,400.49,400.53,400.3,400.51,400.404,390,178
1636124220,400.5,400.63,400.39,400.4,400.5,739,403
1636124280,400.42,400.45,400.32,400.44,400.394,515,217
1636124340,400.43,400.46,400.32,400.45,400.375,439,224
1636124400,400.46,400.54,400.34,400.42,400.438,233,177
1636124460,400.43,400.57,400.43,400.48,400.515,271,147
1636124520,400.48,400.51,400.31,400.32,400.425,184,118
1636124580,400.3,400.3,400.13,400.18,400.199,667,319
1636124640,400.17,400.18,400.11,400.12,400.141,323,123
1636124700,400.12,400.37,400.11,400.33,400.278,326,225
1636124760,400.34,400.55,400.34,400.48,400.478,395,226
1636124820,400.49,400.58,400.42,400.46,400.534,330,141
1636124880,400.44,400.5,400.39,400.47,400.445,466,176
1636124940,400.47,400.59,400.45,400.56,400.531,597,289
1636125000,400.56,400.63,400.49,400.62,400.558,438,242
1636125060,400.61,400.63,400.48,400.5,400.557,303,127
1636125120,400.51,400.69,400.51,400.64,400.629,378,182
1636125180,400.65,400.65,400.55,400.61,400.596,292,175
1636125240,400.6,400.61,400.51,400.53,400.56,165,95
1636125300,400.52,400.61,400.46,400.6,400.539,310,193
1636125360,400.59,400.6,400.42,400.57,400.5,654,333
1636125420,400.57,400.59,400.49,400.55,400.543,316,161
1636125480,400.55,400.66,400.51,400.51,400.6,348,188
1636125540,400.5,400.55,400.44,400.51,400.494,253,126
1636125600,400.5,400.6,400.38,400.38,400.504,257,161
1636125660,400.39,400.46,400.39,400.44,400.43,144,93
1636125720,400.46,400.5,400.42,400.5,400.459,310,118
1636125780,400.51,400.53,400.4,400.4,400.482,118,76
1636125840,400.42,400.43,400.28,400.37,400.349,655,302
1636125900,400.36,400.4,400.33,400.38,400.361,218,121
1636125960,400.35,400.35,400.28,400.31,400.306,182,117
1636126020,400.31,400.33,400.23,400.23,400.287,238,155
1636126080,400.22,400.24,400.09,400.1,400.148,438,214
1636126140,400.11,400.12,399.93,400.02,399.99,1354,655
1636126200,400.01,400.16,399.99,400.15,400.067,492,318
1636126260,400.15,400.29,400.15,400.27,400.208,428,218
1636126320,400.3,400.36,400.26,400.36,400.299,612,277
1636126380,400.37,400.43,400.28,400.33,400.362,777,340
1636126440,400.35,400.43,400.31,400.37,400.36,456,243
1636126500,400.39,400.44,400.28,400.35,400.354,391,207
1636126560,400.38,400.49,400.34,400.34,400.413,442,239
1636126620,400.33,400.45,400.33,400.45,400.379,227,101
1636126680,400.44,400.61,400.42,400.61,400.529,414,262
1636126740,400.62,400.66,400.52,400.57,400.594,522,237
1636126800,400.57,400.61,400.42,400.49,400.514,666,346
1636126860,400.49,400.58,400.48,400.48,400.513,354,229
1636126920,400.49,400.53,400.43,400.5,400.478,233,143
1636126980,400.49,400.5,400.4,400.5,400.455,379,211
1636127040,400.5,400.62,400.48,400.57,400.565,371,170
1636127100,400.57,400.59,400.39,400.56,400.488,401,256
1636127160,400.56,400.62,400.52,400.6,400.58,285,148
1636127220,400.6,400.68,400.55,400.67,400.633,270,135
1636127280,400.66,400.95,400.64,400.85,400.836,936,483
1636127340,400.87,400.95,400.83,400.83,400.892,373,186
1636127400,400.83,400.87,400.74,400.75,400.806,306,199
1636127460,400.75,400.78,400.58,400.64,400.68,489,357
1636127520,400.64,400.75,400.58,400.74,400.684,247,134
1636127580,400.74,400.78,400.61,400.63,400.684,302,144
1636127640,400.63,400.64,400.48,400.62,400.567,1065,498
1636127700,400.62,400.68,400.42,400.42,400.55,594,275
1636127760,400.42,400.54,400.39,400.4,400.451,333,172
1636127820,400.42,400.44,400.37,400.41,400.416,272,159
1636127880,400.39,400.62,400.39,400.6,400.551,260,149
1636127940,400.61,400.67,400.47,400.49,400.599,700,309
1636128000,400.49,400.57,400.38,400.55,400.47,298,167
1636128060,400.56,400.61,400.47,400.55,400.555,260,149
1636128120,400.57,400.61,400.48,400.6,400.539,300,165
1636128180,400.59,400.7,400.55,400.64,400.638,636,270
1636128240,400.63,400.65,400.55,400.63,400.606,226,144
1636128300,400.64,400.68,400.56,400.63,400.612,240,121
1636128360,400.62,400.67,400.51,400.52,400.573,150,88
1636128420,400.53,400.55,400.41,400.49,400.489,122,88
1636128480,400.51,400.52,400.39,400.42,400.456,294,185
1636128540,400.43,400.48,400.4,400.47,400.446,96,63
1636128600,400.49,400.53,400.38,400.4,400.434,508,218
1636128660,400.41,400.5,400.32,400.5,400.37,636,206
1636128720,400.5,400.68,400.47,400.66,400.595,479,256
1636128780,400.67,400.74,400.62,400.65,400.687,376,180
1636128840,400.64,400.64,400.51,400.52,400.573,241,150
1636128900,400.52,400.52,400.26,400.33,400.355,367,224
1636128960,400.33,400.37,400.21,400.25,400.3,309,184
1636129020,400.27,400.31,400.13,400.19,400.203,1020,480
1636129080,400.21,400.4,400.19,400.34,400.313,435,262
1636129140,400.37,400.37,400.22,400.27,400.263,444,117
1636129200,400.29,400.39,400.27,400.31,400.336,278,135
1636129260,400.32,400.36,400.19,400.21,400.262,281,177
1636129320,400.19,400.3,400.18,400.26,400.256,294,136
1636129380,400.25,400.35,400.24,400.31,400.295,181,90
1636129440,400.31,400.35,400.24,400.25,400.311,320,141
1636129500,400.27,400.29,400.16,400.17,400.229,242,178
1636129560,400.16,400.32,400.1,400.3,400.208,729,365
1636129620,400.3,400.36,400.22,400.23,400.303,523,298
1636129680,400.23,400.31,400.23,400.26,400.256,150,105
1636129740,400.26,400.31,400.23,400.24,400.267,199,125
1636129800,400.23,400.37,400.22,400.35,400.31,241,172
1636129860,400.34,400.35,400.15,400.24,400.234,289,175
1636129920,400.22,400.26,400.15,400.16,400.217,145,100
1636129980,400.17,400.17,400.03,400.14,400.094,846,425
1636130040,400.12,400.26,400.09,400.21,400.185,455,238
1636130100,400.2,400.27,400.09,400.21,400.194,485,246
1636130160,400.19,400.2,400.02,400.03,400.087,385,218
1636130220,400.03,400.08,399.72,399.74,399.93,840,461
1636130280,399.72,399.79,399.62,399.79,399.73,818,351
1636130340,399.79,399.94,399.73,399.93,399.848,469,202
1636130400,399.94,400.01,399.82,399.85,399.934,400,164
1636130460,399.87,399.92,399.79,399.8,399.872,411,241
1636130520,399.82,399.91,399.82,399.87,399.885,464,225
1636130580,399.88,399.88,399.72,399.73,399.779,251,154
1636130640,399.74,399.78,399.56,399.56,399.66,539,277
1636130700,399.57,399.61,399.48,399.49,399.537,542,358
1636130760,399.49,399.51,399.36,399.36,399.44,498,334
1636130820,399.36,399.51,399.36,399.43,399.431,439,281
1636130880,399.43,399.5,399.34,399.5,399.417,865,502
1636130940,399.5,399.52,399.34,399.43,399.437,416,245
1636131000,399.41,399.47,399.32,399.32,399.415,1483,696
1636131060,399.33,399.34,399.21,399.26,399.261,1440,573
1636131120,399.25,399.36,399.21,399.27,399.303,954,529
1636131180,399.29,399.66,399.29,399.65,399.515,1372,743
1636131240,399.65,399.7,399.55,399.55,399.636,767,329
1636131300,399.55,399.62,399.43,399.48,399.513,699,416
1636131360,399.48,399.53,399.43,399.44,399.471,488,312
1636131420,399.43,399.52,398.99,399.02,399.223,1318,722
1636131480,399.02,399.21,399.01,399.16,399.108,756,422
1636131540,399.14,399.35,399.09,399.34,399.262,511,252
1636131600,399.35,399.35,399.13,399.13,399.242,479,311
1636131660,399.13,399.25,398.94,399.24,399.11,1243,534
1636131720,399.25,399.47,399.21,399.42,399.318,1131,516
1636131780,399.41,399.49,399.36,399.38,399.433,586,339
1636131840,399.39,399.44,399.25,399.36,399.315,643,366
1636131900,399.37,399.45,399.37,399.42,399.405,349,231
1636131960,399.42,399.42,399.28,399.28,399.351,413,271
1636132020,399.3,399.31,399.07,399.08,399.159,644,370
1636132080,399.14,399.19,399.0,399.05,399.078,663,330
1636132140,399.04,399.08,398.77,398.78,398.904,1388,785
1636132200,398.78,398.94,398.43,398.47,398.733,2310,1213
1636132260,398.47,398.67,398.45,398.62,398.574,1568,879
1636132320,398.63,398.72,398.46,398.5,398.59,774,456
1636132380,398.51,398.55,398.4,398.41,398.479,1155,609
1636132440,398.4,398.64,398.34,398.55,398.488,841,461
1636132500,398.54,398.65,398.3,398.31,398.426,990,506
1636132560,398.32,398.48,398.3,398.35,398.386,2161,1101
1636132620,398.36,398.57,398.32,398.38,398.435,2324,1016
1636132680,398.38,398.66,398.32,398.66,398.428,2177,968
1636132740,398.66,398.72,398.48,398.69,398.631,1946,1005
1636132800,398.69,398.73,398.5,398.54,398.6,514,285
1636132860,398.54,398.58,398.37,398.49,398.454,1073,530
1636132920,398.5,398.58,398.35,398.35,398.481,1555,844
1636132980,398.37,398.46,398.27,398.41,398.363,902,441
1636133040,398.39,398.5,398.24,398.25,398.389,1395,647
1636133100,398.26,398.3,397.77,397.81,397.991,3462,1510
1636133160,397.81,397.87,397.74,397.85,397.797,2401,1132
1636133220,397.85,397.88,397.56,397.56,397.775,2771,1001
1636133280,397.56,397.72,397.46,397.56,397.605,2005,880
1636133340,397.56,397.57,397.17,397.18,397.389,2614,1087
1636133400,397.19,397.8,397.16,397.74,397.489,3118,1276
1636133460,397.73,397.79,397.63,397.74,397.711,1098,556
1636133520,397.72,398.08,397.66,398.02,397.923,1971,735
1636133580,398.03,398.11,397.94,398.04,398.018,1246,559
1636133640,398.05,398.24,398.02,398.18,398.173,1334,557
1636133700,398.18,398.19,397.92,398.05,398.041,2776,1036
1636133760,398.13,398.2,398.01,398.04,398.084,785,388
1636133820,398.06,398.06,397.87,397.91,397.992,1058,474
1636133880,397.92,397.94,397.71,397.88,397.824,1820,668
1636133940,397.86,398.06,397.86,397.98,397.965,1169,476
1636134000,397.99,398.14,397.99,398.06,398.076,745,371
1636134060,398.05,398.1,397.9,398.0,397.989,566,277
1636134120,398.01,398.15,397.95,398.06,398.048,571,241
1636134180,398.06,398.1,397.96,397.97,398.039,349,185
1636134240,397.98,398.1,397.97,398.08,398.052,422,163
1636134300,398.08,398.14,397.74,398.11,397.954,913,389
1636134360,398.1,398.11,397.77,397.79,397.902,675,333
1636134420,397.81,397.97,397.63,397.87,397.795,765,403
1636134480,397.89,398.11,397.81,397.86,397.996,887,451
1636134540,397.87,398.18,397.83,398.13,398.001,567,332
1636134600,398.12,398.26,398.06,398.23,398.166,721,303
1636134660,398.23,398.47,398.15,398.41,398.304,917,534
1636134720,398.41,398.47,398.35,398.46,398.416,680,353
1636134780,398.45,398.47,398.29,398.41,398.394,965,462
1636134840,398.41,398.54,398.32,398.49,398.472,975,469
1636134900,398.49,398.53,398.26,398.34,398.393,623,299
1636134960,398.33,398.46,398.29,398.45,398.395,354,200
1636135020,398.47,398.53,398.41,398.53,398.473,368,208
1636135080,398.53,398.69,398.51,398.69,398.566,702,334
1636135140,398.68,398.75,398.59,398.7,398.683,972,520
1636135200,398.71,398.72,398.56,398.56,398.643,478,294
1636135260,398.55,398.68,398.51,398.57,398.573,314,195
1636135320,398.54,398.64,398.49,398.59,398.53,586,329
1636135380,398.58,398.73,398.56,398.72,398.654,444,195
1636135440,398.72,398.86,398.7,398.81,398.781,968,486
1636135500,398.8,399.03,398.75,399.02,398.94,1335,614
1636135560,399.02,399.11,398.98,399.08,399.049,767,420
1636135620,399.08,399.12,398.93,398.94,399.0,838,408
1636135680,398.95,399.06,398.9,398.99,398.946,536,243
1636135740,398.98,399.09,398.83,398.85,398.941,569,283
1636135800,398.84,398.9,398.71,398.87,398.801,429,229
1636135860,398.88,398.93,398.85,398.92,398.871,728,297
1636135920,398.92,398.98,398.89,398.94,398.928,182,100
1636135980,398.97,398.97,398.85,398.91,398.9,175,106
1636136040,398.9,398.97,398.87,398.92,398.912,162,98
1636136100,398.87,398.95,398.83,398.9,398.873,529,258
1636136160,398.9,399.02,398.89,399.0,398.949,186,126
1636136220,398.99,399.01,398.92,399.01,398.968,600,292
1636136280,399.02,399.05,398.95,399.02,398.992,144,89
1636136340,399.01,399.03,398.96,398.97,398.994,155,82
1636136400,398.97,399.02,398.87,398.92,398.927,220,128
1636136460,398.91,398.97,398.81,398.83,398.873,287,184
1636136520,398.84,398.84,398.55,398.57,398.668,1209,631
1636136580,398.56,398.73,398.54,398.67,398.645,394,202
1636136640,398.67,398.67,398.37,398.39,398.478,555,287
1636136700,398.39,398.52,398.35,398.37,398.435,359,233
1636136760,398.37,398.5,398.29,398.5,398.379,286,176
1636136820,398.5,398.62,398.48,398.62,398.546,406,204
1636136880,398.62,398.8,398.58,398.78,398.715,427,228
1636136940,398.78,398.95,398.78,398.91,398.85,374,179
1636137000,398.91,398.92,398.67,398.69,398.772,461,274
1636137060,398.71,398.79,398.69,398.71,398.735,236,147
1636137120,398.72,398.79,398.67,398.76,398.722,156,97
1636137180,398.76,398.82,398.72,398.81,398.767,142,86
1636137240,398.79,398.82,398.68,398.77,398.756,177,99
1636137300,398.8,398.82,398.51,398.56,398.666,458,243
1636137360,398.57,398.78,398.57,398.77,398.704,652,150
1636137420,398.79,398.9,398.72,398.89,398.81,252,182
1636137480,398.89,399.01,398.88,399.01,398.951,387,186
1636137540,399.02,399.02,398.89,398.91,398.958,296,159
1636137600,398.92,398.98,398.79,398.8,398.894,193,101
1636137660,398.79,398.89,398.79,398.89,398.85,117,85
1636137720,398.9,398.91,398.71,398.71,398.812,260,189
1636137780,398.72,398.89,398.72,398.85,398.827,299,167
1636137840,398.83,398.91,398.82,398.89,398.862,124,100
1636137900,398.89,399.07,398.85,399.06,398.986,471,297
1636137960,399.06,399.07,398.92,398.95,398.991,289,211
1636138020,398.94,399.23,398.94,399.22,399.173,628,323
1636138080,399.21,399.21,398.96,399.0,399.096,582,267
1636138140,399.0,399.07,398.98,399.01,399.015,480,251
1636138200,399.01,399.09,399.0,399.08,399.047,217,134
1636138260,399.08,399.09,398.99,399.0,399.033,233,91
1636138320,399.0,399.0,398.79,398.8,398.891,572,280
1636138380,398.8,399.07,398.79,399.05,398.921,502,266
1636138440,399.06,399.11,398.96,399.11,399.056,538,247
1636138500,399.11,399.18,399.08,399.12,399.133,468,243
1636138560,399.12,399.12,398.97,398.98,399.036,279,130
1636138620,398.99,399.01,398.9,398.96,398.953,299,209
1636138680,398.96,399.09,398.95,399.05,399.006,184,94
1636138740,399.05,399.06,398.98,399.02,399.025,172,96
1636138800,399.0,399.1,398.72,398.74,398.884,455,234
1636138860,398.74,398.77,398.46,398.47,398.619,546,320
1636138920,398.45,398.52,398.11,398.16,398.264,936,535
1636138980,398.17,398.33,398.13,398.2,398.238,677,304
1636139040,398.19,398.29,398.18,398.27,398.23,541,239
1636139100,398.27,398.3,398.09,398.27,398.198,671,385
1636139160,398.26,398.44,398.21,398.41,398.351,631,295
1636139220,398.37,398.53,398.36,398.53,398.451,281,162
1636139280,398.53,398.58,398.41,398.51,398.477,494,243
1636139340,398.49,398.58,398.42,398.52,398.517,288,171
1636139400,398.54,398.63,398.48,398.52,398.554,481,266
1636139460,398.52,398.55,398.43,398.46,398.49,490,258
1636139520,398.44,398.52,398.39,398.44,398.435,324,170
1636139580,398.44,398.57,398.43,398.56,398.491,819,323
1636139640,398.57,398.66,398.51,398.65,398.597,339,234
1636139700,398.64,398.64,398.47,398.56,398.535,345,218
1636139760,398.54,398.54,398.46,398.51,398.493,172,119
1636139820,398.48,398.63,398.46,398.62,398.551,489,277
1636139880,398.62,398.79,398.56,398.77,398.689,567,345
1636139940,398.79,398.82,398.65,398.7,398.748,517,351
1636140000,398.69,398.76,398.67,398.72,398.718,225,127
1636140060,398.71,398.74,398.57,398.57,398.656,313,160
1636140120,398.56,398.57,398.32,398.36,398.422,1531,817
1636140180,398.36,398.44,398.26,398.42,398.34,482,301
1636140240,398.43,398.47,398.34,398.43,398.404,564,328
1636140300,398.45,398.47,398.26,398.27,398.373,449,226
1636140360,398.26,398.36,398.21,398.33,398.258,347,215
1636140420,398.35,398.38,398.26,398.26,398.318,310,155
1636140480,398.29,398.41,398.26,398.41,398.351,224,155
1636140540,398.42,398.57,398.38,398.44,398.467,600,281
1636140600,398.43,398.6,398.42,398.46,398.503,773,459
1636140660,398.47,398.6,398.4,398.55,398.503,467,265
1636140720,398.56,398.76,398.52,398.71,398.665,1202,566
1636140780,398.72,398.76,398.65,398.73,398.719,557,338
1636140840,398.75,398.96,398.6,398.96,398.832,1458,670
1636140900,398.96,399.23,398.92,399.2,399.113,1327,700
1636140960,399.19,399.22,398.92,398.98,399.068,1780,985
1636141020,398.97,399.17,398.95,399.09,399.094,943,522
1636141080,399.09,399.09,398.97,399.06,399.029,736,403
1636141140,399.05,399.1,399.03,399.05,399.06,353,202
1636141200,399.05,399.07,398.93,398.97,398.985,712,407
1636141260,398.98,398.98,398.8,398.83,398.875,809,465
1636141320,398.82,398.85,398.58,398.62,398.72,536,354
1636141380,398.63,398.69,398.55,398.57,398.627,578,357
1636141440,398.58,398.64,398.53,398.62,398.575,334,212
1636141500,398.6,398.73,398.57,398.69,398.663,583,327
1636141560,398.69,398.81,398.62,398.75,398.747,591,313
1636141620,398.77,398.84,398.61,398.62,398.727,679,323
1636141680,398.62,398.69,398.39,398.41,398.537,1053,548
1636141740,398.42,398.5,398.38,398.49,398.433,1111,557
1636141800,398.49,398.75,398.47,398.58,398.624,2032,1218
1636141860,398.58,398.67,398.43,398.45,398.553,784,461
1636141920,398.45,398.61,398.41,398.52,398.488,1082,639
1636141980,398.49,398.54,398.38,398.46,398.47,1120,573
1636142040,398.45,398.48,398.23,398.27,398.349,1391,828
1636142100,398.26,398.5,398.26,398.42,398.385,1051,650
1636142160,398.42,398.61,398.4,398.57,398.521,1101,682
1636142220,398.57,398.76,398.57,398.75,398.689,1393,701
1636142280,398.76,398.77,398.55,398.65,398.64,1338,693
1636142340,398.65,398.72,398.4,398.57,398.605,5222,2091
1636142400,398.56,398.69,398.26,398.27,398.557,4414,351
1636142460,398.29,398.44,398.25,398.38,398.33,507,178
1636142520,398.38,398.46,398.36,398.4,398.381,164,47
1636142580,398.38,398.52,398.36,398.49,398.469,105,29
1636142640,398.46,398.53,398.44,398.5,398.482,75,28
1636142700,398.5,398.5,398.47,398.5,398.484,26,12
1636142760,398.51,398.51,398.46,398.48,398.494,66,32
1636142820,398.46,398.49,398.44,398.44,398.476,120,32
1636142880,398.43,398.44,398.38,398.42,398.431,137,44
1636142940,398.39,398.6,398.39,398.45,398.417,36,19
1636143000,398.44,398.49,398.44,398.46,398.464,372,69
1636143060,398.47,398.47,398.42,398.42,398.441,3,2
1636143120,398.38,398.38,398.33,398.35,398.348,44,17
1636143180,398.36,398.42,398.35,398.35,398.399,131,33
1636143240,398.36,398.38,398.33,398.34,398.345,287,69
1636143300,398.35,398.38,398.33,398.38,398.341,21,9
1636143360,398.31,398.31,398.31,398.31,398.31,10,3
1636143420,398.3,398.31,398.26,398.26,398.293,279,78
1636143480,398.24,398.29,398.24,398.27,398.272,21,13
1636143540,398.22,398.3,398.21,398.3,398.219,33,15
1636143600,398.35,398.35,398.3,398.31,398.34,14,7
1636143660,398.3,398.3,398.3,398.3,398.3,1,1
1636143720,398.31,398.34,398.31,398.34,398.338,27,7
1636143780,398.3,398.3,398.23,398.23,398.288,14,7
1636143840,398.29,398.29,398.24,398.24,398.248,72,21
1636143900,398.23,398.23,398.23,398.23,398.23,3,2
1636143960,398.23,398.28,398.21,398.28,398.244,28,9
1636144020,398.3,398.31,398.28,398.29,398.292,20,9
1636144080,398.26,398.28,398.26,398.28,398.278,24,10
1636144140,398.27,398.27,398.27,398.27,398.27,14,6
1636144200,398.24,398.24,398.24,398.24,398.24,2,1
1636144260,398.23,398.23,398.2,398.22,398.218,5,4
1636144320,398.22,398.22,398.22,398.22,398.22,0,0
1636144380,398.22,398.22,398.22,398.22,398.22,0,0
1636144440,398.24,398.24,398.24,398.24,398.24,1,1
1636144500,398.26,398.26,398.21,398.21,398.211,45,14
1636144560,398.21,398.21,398.21,398.21,398.21,0,0
1636144620,398.23,398.25,398.23,398.25,398.243,49,14
1636144680,398.25,398.25,398.25,398.25,398.25,0,0
1636144740,398.3,398.31,398.28,398.28,398.298,12,8
1636144800,398.27,398.27,398.26,398.27,398.264,17,7
1636144860,398.28,398.28,398.27,398.27,398.27,24,6
1636144920,398.29,398.3,398.29,398.3,398.3,50,13
1636144980,398.29,398.29,398.28,398.28,398.28,33,7
1636145040,398.27,398.27,398.26,398.26,398.268,24,10
1636145100,398.3,398.35,398.3,398.35,398.322,26,8
1636145160,398.39,398.39,398.35,398.35,398.369,12,4
1636145220,398.35,398.35,398.35,398.35,398.35,0,0
1636145280,398.35,398.35,398.35,398.35,398.35,0,0
1636145340,398.42,398.6,398.42,398.6,398.599,6162,5
1636145400,398.42,398.42,398.42,398.42,398.42,32,7
1636145460,398.44,398.46,398.44,398.46,398.454,77,19
1636145520,398.45,398.46,398.45,398.46,398.453,8,3
1636145580,398.47,398.47,398.47,398.47,398.47,3,1
1636145640,398.45,398.46,398.45,398.45,398.451,1,1
1636145700,398.48,398.5,398.48,398.5,398.493,27,6
1636145760,398.49,398.5,398.48,398.49,398.499,26,4
1636145820,398.5,398.5,398.5,398.5,398.5,12,3
1636145880,398.5,398.5,398.46,398.46,398.491,6,3
1636145940,398.43,398.44,398.43,398.44,398.434,18,5
1636146000,398.5,398.5,398.5,398.5,398.5,3,1
1636146060,398.5,398.5,398.5,398.5,398.5,0,0
1636146120,398.5,398.5,398.5,398.5,398.5,0,0
1636146180,398.5,398.5,398.5,398.5,398.5,0,0
1636146240,398.5,398.5,398.5,398.5,398.5,0,0
1636146300,398.5,398.5,398.5,398.5,398.5,0,0
1636146360,398.5,398.5,398.5,398.5,398.5,0,0
1636146420,398.5,398.5,398.5,398.5,398.5,0,0
1636146480,398.4,398.4,398.4,398.4,398.4,1,1
1636146540,398.4,398.4,398.4,398.4,398.4,0,0
1636146600,398.4,398.4,398.4,398.4,398.4,0,0
1636146660,398.49,398.49,398.49,398.49,398.49,6,2
1636146720,398.4,398.4,398.4,398.4,398.4,4,2
1636146780,398.4,398.4,398.4,398.4,398.4,0,0
1636146840,398.4,398.4,398.4,398.4,398.4,0,0
1636146900,398.4,398.4,398.4,398.4,398.4,1,1
1636146960,398.4,398.4,398.4,398.4,398.4,19,2
1636147020,398.45,398.45,398.45,398.45,398.45,1,1
1636147080,398.44,398.44,398.44,398.44,398.44,9,2
1636147140,398.4,398.4,398.4,398.4,398.4,12,2
1636147200,398.4,398.4,398.4,398.4,398.4,10,2
1636147260,398.4,398.47,398.4,398.47,398.444,7,3
1636147320,398.47,398.47,398.47,398.47,398.47,1,1
1636147380,398.47,398.47,398.47,398.47,398.47,0,0
1636147440,398.47,398.47,398.47,398.47,398.47,0,0
1636147500,398.4,398.4,398.4,398.4,398.4,1,1
1636147560,398.4,398.4,398.4,398.4,398.4,0,0
1636147620,398.39,398.39,398.39,398.39,398.39,2,1
1636147680,398.39,398.39,398.39,398.39,398.39,0,0
1636147740,398.39,398.39,398.39,398.39,398.39,0,0
1636147800,398.39,398.39,398.39,398.39,398.39,0,0
1636147860,398.39,398.39,398.39,398.39,398.39,0,0
1636147920,398.39,398.39,398.39,398.39,398.39,0,0
1636147980,398.39,398.39,398.39,398.39,398.39,0,0
1636148040,398.4,398.4,398.38,398.38,398.381,19,4
1636148100,398.36,398.36,398.36,398.36,398.36,2,1
1636148160,398.36,398.36,398.36,398.36,398.36,0,0
1636148220,398.36,398.36,398.36,398.36,398.36,0,0
1636148280,398.36,398.36,398.36,398.36,398.36,0,0
1636148340,398.36,398.36,398.36,398.36,398.36,0,0
1636148400,398.36,398.36,398.36,398.36,398.36,0,0
1636148460,398.36,398.36,398.36,398.36,398.36,0,0
1636148520,398.36,398.36,398.36,398.36,398.36,0,0
1636148580,398.36,398.36,398.36,398.36,398.36,0,0
1636148640,398.36,398.36,398.36,398.36,398.36,0,0
1636148700,398.36,398.36,398.36,398.36,398.36,0,0
1636148760,398.36,398.36,398.36,398.36,398.36,0,0
1636148820,398.36,398.36,398.36,398.36,398.36,0,0
1636148880,398.36,398.36,398.36,398.36,398.36,0,0
1636148940,398.36,398.36,398.36,398.36,398.36,0,0
1636149000,398.36,398.36,398.36,398.36,398.36,0,0
1636149060,398.36,398.36,398.36,398.36,398.36,0,0
1636149120,398.36,398.36,398.36,398.36,398.36,0,0
1636149180,398.35,398.35,398.0,398.0,398.129,76,32
1636149240,398.15,398.3,398.15,398.3,398.192,3,3
1636149300,398.3,398.3,398.3,398.3,398.3,0,0
1636149360,398.3,398.3,398.3,398.3,398.3,0,0
1636149420,398.3,398.3,398.3,398.3,398.3,0,0
1636149480,398.3,398.3,398.3,398.3,398.3,1,1
1636149540,398.25,398.25,398.25,398.25,398.25,5,1
1636149600,398.25,398.25,398.25,398.25,398.25,0,0
1636149660,398.25,398.25,398.25,398.25,398.25,0,0
1636149720,398.32,398.32,398.32,398.32,398.32,1,1
1636149780,398.31,398.31,398.31,398.31,398.31,2,1
1636149840,398.31,398.31,398.31,398.31,398.31,0,0
1636149900,398.31,398.31,398.31,398.31,398.31,0,0
1636149960,398.31,398.31,398.31,398.31,398.31,0,0
1636150020,398.31,398.31,398.31,398.31,398.31,0,0
1636150080,398.31,398.31,398.31,398.31,398.31,0,0
1636150140,398.31,398.31,398.31,398.31,398.31,0,0
1636150200,398.31,398.31,398.31,398.31,398.31,0,0
1636150260,398.31,398.31,398.31,398.31,398.31,0,0
1636150320,398.31,398.31,398.31,398.31,398.31,0,0
1636150380,398.31,398.31,398.31,398.31,398.31,0,0
1636150440,398.31,398.31,398.31,398.31,398.31,0,0
1636150500,398.31,398.31,398.31,398.31,398.31,0,0
1636150560,398.6,398.6,398.6,398.6,398.6,156,1
1636150620,398.6,398.6,398.6,398.6,398.6,0,0
1636150680,398.24,398.24,398.23,398.23,398.238,7,3
1636150740,398.23,398.23,398.23,398.23,398.23,0,0
1636150800,398.23,398.23,398.23,398.23,398.23,0,0
1636150860,398.19,398.19,398.19,398.19,398.19,2,1
1636150920,398.19,398.19,398.19,398.19,398.19,14,2
1636150980,398.19,398.19,398.19,398.19,398.19,0,0
1636151040,398.19,398.19,398.19,398.19,398.19,0,0
1636151100,398.19,398.19,398.19,398.19,398.19,0,0
1636151160,398.19,398.19,398.19,398.19,398.19,0,0
1636151220,398.19,398.19,398.19,398.19,398.19,0,0
1636151280,398.19,398.19,398.19,398.19,398.19,0,0
1636151340,398.19,398.19,398.19,398.19,398.19,0,0
1636151400,398.19,398.19,398.19,398.19,398.19,0,0
1636151460,398.19,398.19,398.19,398.19,398.19,0,0
1636151520,398.19,398.19,398.19,398.19,398.19,0,0
1636151580,398.19,398.19,398.19,398.19,398.19,0,0
1636151640,398.2,398.2,398.2,398.2,398.2,1,1
1636151700,398.2,398.2,398.2,398.2,398.2,0,0
1636151760,398.2,398.2,398.2,398.2,398.2,0,0
1636151820,398.2,398.2,398.2,398.2,398.2,0,0
1636151880,398.2,398.2,398.2,398.2,398.2,1,1
1636151940,398.28,398.28,398.28,398.28,398.28,2,1
1636152000,398.2,398.2,398.2,398.2,398.2,2,2
1636152060,398.2,398.2,398.2,398.2,398.2,0,0
1636152120,398.2,398.2,398.2,398.2,398.2,0,0
1636152180,398.23,398.23,398.23,398.23,398.23,1,1
1636152240,398.2,398.2,398.2,398.2,398.2,20,4
1636152300,398.2,398.2,398.2,398.2,398.2,1,1
1636152360,398.2,398.2,398.2,398.2,398.2,0,0
1636152420,398.2,398.2,398.2,398.2,398.2,0,0
1636152480,398.2,398.2,398.2,398.2,398.2,0,0
1636152540,398.2,398.2,398.2,398.2,398.2,1,1
1636152600,398.2,398.2,398.2,398.2,398.2,1,1
1636152660,398.2,398.2,398.2,398.2,398.2,0,0
1636152720,398.2,398.2,398.2,398.2,398.2,0,0
1636152780,398.2,398.2,398.2,398.2,398.2,0,0
1636152840,398.2,398.2,398.2,398.2,398.2,0,0
1636152900,398.22,398.22,398.22,398.22,398.22,2,1
1636152960,398.22,398.22,398.22,398.22,398.22,1,1
1636153020,398.22,398.22,398.22,398.22,398.22,0,0
1636153080,398.25,398.25,398.2,398.2,398.242,11,3
1636153140,398.2,398.2,398.2,398.2,398.2,0,0
1636153200,398.2,398.2,398.2,398.2,398.2,0,0
1636153260,398.2,398.2,398.2,398.2,398.2,19,2
1636153320,398.2,398.2,398.2,398.2,398.2,0,0
1636153380,398.2,398.2,398.2,398.2,398.2,0,0
1636153440,398.2,398.2,398.2,398.2,398.2,0,0
1636153500,398.3,398.3,398.3,398.3,398.3,6,1
1636153560,398.3,398.3,398.3,398.3,398.3,0,0
1636153620,398.3,398.3,398.3,398.3,398.3,0,0
1636153680,398.3,398.3,398.3,398.3,398.3,0,0
1636153740,398.3,398.3,398.3,398.3,398.3,0,0
1636153800,398.3,398.3,398.3,398.3,398.3,0,0
1636153860,398.3,398.3,398.3,398.3,398.3,0,0
1636153920,398.3,398.3,398.3,398.3,398.3,0,0
1636153980,398.3,398.3,398.3,398.3,398.3,0,0
1636154040,398.3,398.3,398.3,398.3,398.3,0,0
1636154100,398.3,398.3,398.3,398.3,398.3,0,0
1636154160,398.3,398.3,398.3,398.3,398.3,0,0
1636154220,398.3,398.3,398.3,398.3,398.3,0,0
1636154280,398.3,398.39,398.3,398.39,398.313,8,2
1636154340,398.39,398.39,398.39,398.39,398.39,0,0
1636154400,398.39,398.39,398.39,398.39,398.39,0,0
1636154460,398.39,398.39,398.39,398.39,398.39,0,0
1636154520,398.39,398.39,398.39,398.39,398.39,0,0
1636154580,398.39,398.39,398.39,398.39,398.39,0,0
1636154640,398.25,398.25,398.2,398.2,398.217,5,5
1636154700,398.2,398.2,398.2,398.2,398.2,0,0
1636154760,398.19,398.19,398.19,398.19,398.19,3,1
1636154820,398.19,398.19,398.19,398.19,398.19,5,1
1636154880,398.2,398.38,398.2,398.37,398.354,31,7
1636154940,398.37,398.37,398.37,398.37,398.37,0,0
1636155000,398.37,398.37,398.37,398.37,398.37,0,0
1636155060,398.29,398.29,398.29,398.29,398.29,2,1
1636155120,398.29,398.29,398.29,398.29,398.29,0,0
1636155180,398.29,398.29,398.29,398.29,398.29,0,0
1636155240,398.29,398.29,398.29,398.29,398.29,0,0
1636155300,398.3,398.3,398.3,398.3,398.3,13,3
1636155360,398.3,398.3,398.3,398.3,398.3,0,0
1636155420,398.3,398.3,398.3,398.3,398.3,2,1
1636155480,398.3,398.3,398.3,398.3,398.3,2,1
1636155540,398.3,398.3,398.3,398.3,398.3,0,0
1636155600,398.3,398.3,398.3,398.3,398.3,0,0
1636155660,398.3,398.3,398.3,398.3,398.3,0,0
1636155720,398.3,398.3,398.19,398.19,398.201,10,3
1636155780,398.19,398.19,398.19,398.19,398.19,0,0
1636155840,398.19,398.19,398.19,398.19,398.19,0,0
1636155900,398.2,398.2,398.2,398.2,398.2,1,1
1636155960,398.2,398.2,398.2,398.2,398.2,0,0
1636156020,398.2,398.2,398.2,398.2,398.2,0,0
1636156080,398.29,398.29,398.29,398.29,398.29,1,1
1636156140,398.19,398.19,398.19,398.19,398.19,3,1
1636156200,398.19,398.19,398.19,398.19,398.19,4,2
1636156260,398.19,398.19,398.19,398.19,398.19,2,1
1636156320,398.19,398.19,398.19,398.19,398.19,0,0
1636156380,398.19,398.19,398.19,398.19,398.19,0,0
1636156440,398.19,398.19,398.19,398.19,398.19,2,1
1636156500,398.19,398.19,398.19,398.19,398.19,7,1
1636156560,398.19,398.19,398.19,398.19,398.19,1,1
1636156620,398.19,398.24,398.19,398.24,398.199,5,2
1636156680,398.15,398.15,398.15,398.15,398.15,1,1
1636156740,398.17,398.17,398.17,398.17,398.17,1,1
1636362000,398.28,398.28,398.07,398.19,398.159,66,16
1636362060,398.22,398.24,398.22,398.24,398.226,27,8
1636362120,398.23,398.25,398.14,398.25,398.195,32,6
1636362180,398.24,398.25,398.2,398.2,398.222,20,6
1636362240,398.2,398.23,398.2,398.21,398.217,23,5
1636362300,398.19,398.19,398.09,398.12,398.136,6,4
1636362360,398.09,398.14,398.09,398.12,398.124,19,12
1636362420,398.06,398.06,398.06,398.06,398.06,5,1
1636362480,398.05,398.1,398.04,398.1,398.065,31,7
1636362540,398.05,398.05,398.05,398.05,398.05,5,1
1636362600,398.1,398.1,398.1,398.1,398.1,8,1
1636362660,398.06,398.08,398.06,398.08,398.075,4,2
1636362720,398.1,398.18,398.1,398.18,398.144,8,3
1636362780,398.26,398.26,398.26,398.26,398.26,1,1
1636362840,398.26,398.29,398.25,398.29,398.274,19,5
1636362900,398.29,398.29,398.22,398.22,398.288,32,9
1636362960,398.17,398.21,398.16,398.16,398.167,11,3
1636363020,398.21,398.21,398.17,398.17,398.183,9,2
1636363080,398.18,398.18,398.18,398.18,398.18,2,1
1636363140,398.1,398.15,398.1,398.12,398.121,16,4
1636363200,398.12,398.12,398.12,398.12,398.12,5,1
1636363260,398.12,398.12,398.12,398.12,398.12,0,0
1636363320,398.13,398.15,398.07,398.15,398.112,18,5
1636363380,398.15,398.15,398.15,398.15,398.15,0,0
1636363440,398.15,398.15,398.15,398.15,398.15,0,0
1636363500,398.15,398.15,398.15,398.15,398.15,0,0
1636363560,398.12,398.12,398.12,398.12,398.12,4,2
1636363620,398.12,398.12,398.12,398.12,398.12,0,0
1636363680,398.11,398.11,398.11,398.11,398.11,1,1
1636363740,398.1,398.1,398.1,398.1,398.1,1,1
1636363800,398.07,398.07,398.07,398.07,398.07,4,1
1636363860,398.07,398.07,398.07,398.07,398.07,0,0
1636363920,398.07,398.07,398.07,398.07,398.07,0,0
1636363980,398.07,398.07,398.07,398.07,398.07,0,0
1636364040,398.07,398.07,398.07,398.07,398.07,0,0
1636364100,398.18,398.2,398.18,398.2,398.192,24,4
1636364160,398.12,398.12,398.12,398.12,398.12,3,1
1636364220,398.12,398.12,398.12,398.12,398.12,0,0
1636364280,398.04,398.12,398.04,398.1,398.091,93,15
1636364340,398.1,398.1,398.1,398.1,398.1,0,0
1636364400,398.1,398.1,398.1,398.1,398.1,0,0
1636364460,398.08,398.08,398.08,398.08,398.08,1,1
1636364520,398.08,398.08,398.08,398.08,398.08,0,0
1636364580,398.08,398.08,398.08,398.08,398.08,0,0
1636364640,398.05,398.05,398.05,398.05,398.05,4,1
1636364700,398.05,398.05,398.05,398.05,398.05,0,0
1636364760,398.05,398.05,398.05,398.05,398.05,0,0
1636364820,398.11,398.11,398.11,398.11,398.11,3,1
1636364880,398.07,398.07,398.07,398.07,398.07,1,1
1636364940,398.11,398.11,398.11,398.11,398.11,4,1
1636365000,398.11,398.11,398.11,398.11,398.11,0,0
1636365060,398.11,398.11,398.11,398.11,398.11,0,0
1636365120,398.11,398.11,398.11,398.11,398.11,0,0
1636365180,398.15,398.15,398.15,398.15,398.15,2,1
1636365240,398.18,398.18,398.14,398.15,398.157,3,3
1636365300,398.19,398.22,398.19,398.22,398.2,3,3
1636365360,398.12,398.12,398.12,398.12,398.12,4,1
1636365420,398.13,398.14,398.13,398.14,398.137,3,2
1636365480,398.14,398.14,398.14,398.14,398.14,0,0
1636365540,398.14,398.14,398.14,398.14,398.14,0,0
1636365600,398.14,398.14,398.14,398.14,398.14,0,0
1636365660,398.14,398.14,398.14,398.14,398.14,0,0
1636365720,398.23,398.25,398.23,398.25,398.249,24,6
1636365780,398.25,398.25,398.25,398.25,398.25,0,0
1636365840,398.18,398.18,398.18,398.18,398.18,1,1
1636365900,398.2,398.2,398.2,398.2,398.2,4,2
1636365960,398.22,398.22,398.22,398.22,398.22,1,1
1636366020,398.22,398.22,398.22,398.22,398.22,0,0
1636366080,398.19,398.19,398.19,398.19,398.19,1,1
1636366140,398.19,398.19,398.19,398.19,398.19,0,0
1636366200,398.2,398.26,398.2,398.26,398.209,20,5
1636366260,398.29,398.29,398.29,398.29,398.29,1,1
1636366320,398.29,398.29,398.29,398.29,398.29,0,0
1636366380,398.29,398.29,398.29,398.29,398.29,0,0
1636366440,398.29,398.29,398.29,398.29,398.29,8,1
1636366500,398.29,398.29,398.29,398.29,398.29,0,0
1636366560,398.25,398.25,398.25,398.25,398.25,1,1
1636366620,398.28,398.28,398.27,398.27,398.278,7,3
1636366680,398.27,398.27,398.27,398.27,398.27,0,0
1636366740,398.27,398.27,398.27,398.27,398.27,0,0
1636366800,398.4,398.4,398.4,398.4,398.4,2,1
1636366860,398.41,398.41,398.41,398.41,398.41,12,2
1636366920,398.39,398.39,398.39,398.39,398.39,2,1
1636366980,398.4,398.43,398.4,398.43,398.41,3,2
1636367040,398.43,398.43,398.43,398.43,398.43,0,0
1636367100,398.45,398.45,398.45,398.45,398.45,3,2
1636367160,398.45,398.45,398.45,398.45,398.45,0,0
1636367220,398.52,398.52,398.52,398.52,398.52,4,1
1636367280,398.58,398.59,398.58,398.59,398.585,16,3
1636367340,398.59,398.6,398.59,398.6,398.597,7,2
1636367400,398.6,398.6,398.6,398.6,398.6,0,0
1636367460,398.55,398.55,398.55,398.55,398.55,1,1
1636367520,398.55,398.55,398.55,398.55,398.55,0,0
1636367580,398.52,398.53,398.5,398.53,398.515,189,36
1636367640,398.54,398.54,398.52,398.52,398.533,51,12
1636367700,398.53,398.54,398.51,398.53,398.53,155,39
1636367760,398.54,398.55,398.54,398.55,398.545,130,24
1636367820,398.53,398.56,398.53,398.56,398.542,47,10
1636367880,398.56,398.6,398.56,398.59,398.58,71,16
1636367940,398.62,398.68,398.61,398.68,398.648,110,23
1636368000,398.69,398.69,398.62,398.62,398.649,30,7
1636368060,398.6,398.6,398.6,398.6,398.6,8,2
1636368120,398.6,398.6,398.6,398.6,398.6,0,0
1636368180,398.55,398.55,398.54,398.54,398.544,25,4
1636368240,398.46,398.46,398.39,398.39,398.417,238,31
1636368300,398.41,398.42,398.4,398.4,398.405,88,12
1636368360,398.4,398.4,398.39,398.39,398.398,10,2
1636368420,398.39,398.39,398.39,398.39,398.39,0,0
1636368480,398.39,398.39,398.39,398.39,398.39,0,0
1636368540,398.39,398.39,398.39,398.39,398.39,0,0
1636368600,398.35,398.39,398.35,398.39,398.371,213,27
1636368660,398.39,398.43,398.39,398.43,398.398,12,2
1636368720,398.43,398.43,398.43,398.43,398.43,0,0
1636368780,398.45,398.45,398.43,398.43,398.435,5,2
1636368840,398.43,398.43,398.43,398.43,398.43,0,0
1636368900,398.49,398.49,398.48,398.48,398.488,6,2
1636368960,398.48,398.48,398.48,398.48,398.48,0,0
1636369020,398.43,398.43,398.4,398.4,398.419,88,16
1636369080,398.39,398.39,398.34,398.34,398.364,340,46
1636369140,398.34,398.38,398.34,398.38,398.362,97,14
1636369200,398.38,398.39,398.38,398.39,398.381,10,3
1636369260,398.39,398.39,398.39,398.39,398.39,0,0
1636369320,398.39,398.39,398.39,398.39,398.39,0,0
1636369380,398.43,398.43,398.43,398.43,398.43,1,1
1636369440,398.43,398.43,398.43,398.43,398.43,2,1
1636369500,398.41,398.41,398.41,398.41,398.41,1,1
1636369560,398.41,398.41,398.41,398.41,398.41,0,0
1636369620,398.41,398.41,398.41,398.41,398.41,0,0
1636369680,398.41,398.41,398.41,398.41,398.41,0,0
1636369740,398.49,398.49,398.46,398.48,398.473,221,40
1636369800,398.48,398.49,398.46,398.48,398.476,363,45
1636369860,398.48,398.48,398.48,398.48,398.48,1,1
1636369920,398.45,398.45,398.42,398.42,398.435,109,24
1636369980,398.42,398.42,398.42,398.42,398.42,11,2
1636370040,398.43,398.43,398.43,398.43,398.43,2,1
1636370100,398.43,398.43,398.43,398.43,398.43,0,0
1636370160,398.43,398.44,398.42,398.42,398.431,19,3
1636370220,398.43,398.43,398.43,398.43,398.43,7,2
1636370280,398.43,398.43,398.43,398.43,398.43,0,0
1636370340,398.43,398.43,398.43,398.43,398.43,0,0
1636370400,398.43,398.43,398.43,398.43,398.43,0,0
1636370460,398.57,398.59,398.57,398.59,398.589,15,4
1636370520,398.59,398.59,398.59,398.59,398.59,0,0
1636370580,398.44,398.46,398.44,398.46,398.443,9,2
1636370640,398.44,398.44,398.44,398.44,398.44,2,2
1636370700,398.44,398.44,398.44,398.44,398.44,1,1
1636370760,398.44,398.44,398.44,398.44,398.44,0,0
1636370820,398.54,398.54,398.54,398.54,398.54,28,5
1636370880,398.54,398.54,398.53,398.53,398.534,60,14
1636370940,398.52,398.52,398.52,398.52,398.52,49,4
1636371000,398.54,398.54,398.53,398.53,398.538,29,5
1636371060,398.49,398.49,398.48,398.49,398.486,59,12
1636371120,398.5,398.5,398.46,398.49,398.47,22,9
1636371180,398.49,398.49,398.49,398.49,398.49,0,0
1636371240,398.49,398.49,398.49,398.49,398.49,0,0
1636371300,398.54,398.55,398.54,398.55,398.546,86,8
1636371360,398.56,398.56,398.56,398.56,398.56,49,7
1636371420,398.57,398.65,398.57,398.65,398.604,130,16
1636371480,398.69,398.72,398.69,398.72,398.704,31,7
1636371540,398.69,398.7,398.69,398.7,398.693,12,2
1636371600,398.66,398.66,398.66,398.66,398.66,3,2
1636371660,398.66,398.66,398.66,398.66,398.66,0,0
1636371720,398.8,398.82,398.8,398.82,398.814,32,7
1636371780,398.76,398.79,398.76,398.77,398.778,8,5
1636371840,398.77,398.77,398.77,398.77,398.77,0,0
1636371900,398.78,398.78,398.78,398.78,398.78,40,5
1636371960,398.78,398.78,398.78,398.78,398.78,0,0
1636372020,398.73,398.73,398.73,398.73,398.73,1,1
1636372080,398.73,398.73,398.73,398.73,398.73,0,0
1636372140,398.75,398.75,398.72,398.72,398.745,104,21
1636372200,398.74,398.74,398.74,398.74,398.74,1,1
1636372260,398.71,398.71,398.71,398.71,398.71,9,2
1636372320,398.71,398.71,398.71,398.71,398.71,8,1
1636372380,398.67,398.67,398.67,398.67,398.67,4,1
1636372440,398.67,398.67,398.61,398.61,398.636,105,18
1636372500,398.63,398.63,398.6,398.6,398.612,2,2
1636372560,398.61,398.61,398.61,398.61,398.61,49,10
1636372620,398.61,398.61,398.61,398.61,398.61,0,0
1636372680,398.61,398.61,398.61,398.61,398.61,0,0
1636372740,398.61,398.61,398.61,398.61,398.61,0,0
1636372800,398.62,398.62,398.57,398.57,398.601,15,6
1636372860,398.52,398.52,398.35,398.35,398.4,8,3
1636372920,398.35,398.35,398.35,398.35,398.35,0,0
1636372980,398.45,398.5,398.45,398.5,398.479,9,4
1636373040,398.5,398.51,398.49,398.49,398.5,17,7
1636373100,398.49,398.49,398.49,398.49,398.49,0,0
1636373160,398.54,398.54,398.54,398.54,398.54,3,3
1636373220,398.54,398.54,398.52,398.52,398.523,6,4
1636373280,398.5,398.5,398.5,398.5,398.5,9,2
1636373340,398.43,398.43,398.39,398.39,398.419,99,18
1636373400,398.37,398.37,398.31,398.33,398.347,13,5
1636373460,398.34,398.37,398.34,398.37,398.359,56,10
1636373520,398.37,398.37,398.37,398.37,398.37,0,0
1636373580,398.46,398.46,398.45,398.45,398.455,2,2
1636373640,398.51,398.54,398.5,398.5,398.521,19,4
1636373700,398.54,398.56,398.54,398.55,398.549,29,7
1636373760,398.55,398.55,398.55,398.55,398.55,1,1
1636373820,398.55,398.55,398.55,398.55,398.55,0,0
1636373880,398.55,398.57,398.54,398.57,398.565,59,24
1636373940,398.55,398.57,398.55,398.55,398.554,11,3
1636374000,398.56,398.56,398.55,398.55,398.553,14,4
1636374060,398.55,398.55,398.55,398.55,398.55,0,0
1636374120,398.59,398.59,398.59,398.59,398.59,24,5
1636374180,398.59,398.59,398.59,398.59,398.59,0,0
1636374240,398.52,398.52,398.49,398.5,398.503,28,7
1636374300,398.53,398.53,398.53,398.53,398.53,2,1
1636374360,398.6,398.63,398.6,398.63,398.613,2,2
1636374420,398.63,398.63,398.63,398.63,398.63,0,0
1636374480,398.6,398.6,398.54,398.54,398.566,11,7
1636374540,398.54,398.54,398.54,398.54,398.54,0,0
1636374600,398.62,398.69,398.62,398.69,398.644,89,27
1636374660,398.69,398.69,398.69,398.69,398.69,1,1
1636374720,398.75,398.75,398.75,398.75,398.75,18,3
1636374780,398.76,398.77,398.74,398.74,398.75,38,9
1636374840,398.75,398.75,398.7,398.7,398.713,14,13
1636374900,398.7,398.7,398.68,398.68,398.698,8,2
1636374960,398.68,398.7,398.65,398.69,398.675,50,18
1636375020,398.67,398.69,398.66,398.66,398.668,14,9
1636375080,398.66,398.66,398.66,398.66,398.66,0,0
1636375140,398.65,398.65,398.65,398.65,398.65,1,1
1636375200,398.63,398.63,398.52,398.52,398.584,79,20
1636375260,398.55,398.58,398.54,398.54,398.554,15,11
1636375320,398.54,398.64,398.54,398.58,398.609,50,19
1636375380,398.58,398.58,398.53,398.53,398.537,12,5
1636375440,398.5,398.5,398.43,398.43,398.44,452,96
1636375500,398.43,398.43,398.38,398.38,398.404,178,49
1636375560,398.37,398.37,398.25,398.25,398.294,581,135
1636375620,398.25,398.35,398.25,398.34,398.268,122,44
1636375680,398.36,398.39,398.34,398.36,398.357,26,14
1636375740,398.36,398.37,398.3,398.37,398.344,30,11
1636375800,398.33,398.33,398.32,398.32,398.323,8,3
1636375860,398.31,398.31,398.29,398.29,398.291,41,7
1636375920,398.29,398.34,398.29,398.33,398.293,73,15
1636375980,398.33,398.33,398.33,398.33,398.33,2,2
1636376040,398.33,398.33,398.33,398.33,398.33,8,1
1636376100,398.34,398.34,398.21,398.21,398.23,34,14
1636376160,398.23,398.26,398.2,398.26,398.229,258,65
1636376220,398.26,398.33,398.26,398.31,398.284,358,68
1636376280,398.31,398.31,398.31,398.31,398.31,0,0
1636376340,398.36,398.36,398.36,398.36,398.36,1,1
1636376400,398.48,398.9,398.26,398.36,398.443,212,52
1636376460,397.37,398.36,397.0,398.36,398.23,32,10
1636376520,398.36,398.36,398.35,398.36,398.359,29,9
1636376580,398.35,398.37,398.35,398.37,398.353,31,11
1636376640,398.38,398.39,398.37,398.37,398.381,4,4
1636376700,398.34,398.34,398.3,398.3,398.309,40,7
1636376760,398.34,398.34,398.34,398.34,398.34,2,2
1636376820,398.37,398.37,398.37,398.37,398.37,2,2
1636376880,398.43,398.46,398.4,398.4,398.413,38,16
1636376940,398.41,398.42,398.41,398.42,398.418,5,2
1636377000,398.42,398.44,398.4,398.44,398.42,3,3
1636377060,398.42,398.42,398.37,398.38,398.383,38,11
1636377120,398.4,398.42,398.4,398.42,398.41,24,14
1636377180,398.35,398.35,398.31,398.31,398.329,34,6
1636377240,398.31,398.38,398.3,398.38,398.349,389,77
1636377300,398.45,398.47,398.44,398.47,398.454,25,5
1636377360,398.48,398.51,398.48,398.49,398.498,30,11
1636377420,398.47,398.47,398.43,398.43,398.446,5,5
1636377480,398.41,398.42,398.4,398.41,398.404,32,12
1636377540,398.44,398.44,398.42,398.43,398.426,5,3
1636377600,398.43,398.43,398.43,398.43,398.43,0,0
1636377660,398.44,398.45,398.44,398.45,398.441,21,6
1636377720,398.49,398.49,398.49,398.49,398.49,7,4
1636377780,398.46,398.52,398.45,398.52,398.511,23,15
1636377840,398.56,398.61,398.56,398.59,398.593,15,9
1636377900,398.61,398.64,398.58,398.58,398.607,78,26
1636377960,398.59,398.64,398.59,398.64,398.618,46,15
1636378020,398.61,398.7,398.61,398.7,398.643,18,6
1636378080,398.71,398.74,398.7,398.74,398.713,22,5
1636378140,398.72,398.75,398.67,398.67,398.716,14,5
1636378200,398.7,398.7,398.61,398.61,398.641,35,15
1636378260,398.63,398.63,398.63,398.63,398.63,3,2
1636378320,398.65,398.65,398.62,398.62,398.624,17,4
1636378380,398.63,398.63,398.6,398.6,398.61,6,4
1636378440,398.62,398.63,398.62,398.62,398.627,9,7
1636378500,398.6,398.6,398.55,398.55,398.567,16,10
1636378560,398.58,398.58,398.58,398.58,398.58,3,1
1636378620,398.6,398.63,398.6,398.63,398.609,3,2
1636378680,398.65,398.67,398.65,398.67,398.66,2,2
1636378740,398.67,398.7,398.67,398.7,398.689,27,10
1636378800,398.69,398.7,398.65,398.7,398.662,57,12
1636378860,398.7,398.7,398.61,398.61,398.646,38,12
1636378920,398.6,398.6,398.59,398.59,398.599,12,3
1636378980,398.58,398.58,398.57,398.57,398.573,11,4
1636379040,398.6,398.69,398.6,398.69,398.62,30,16
1636379100,398.63,398.65,398.6,398.65,398.626,24,11
1636379160,398.65,398.65,398.64,398.64,398.649,10,6
1636379220,398.6,398.6,398.56,398.56,398.563,31,15
1636379280,398.56,398.56,398.56,398.56,398.56,0,0
1636379340,398.59,398.59,398.59,398.59,398.59,1,1
1636379400,398.61,398.63,398.61,398.63,398.611,20,8
1636379460,398.68,398.69,398.68,398.69,398.686,99,25
1636379520,398.69,398.69,398.68,398.69,398.689,5,2
1636379580,398.68,398.7,398.68,398.7,398.698,30,14
1636379640,398.7,398.7,398.63,398.63,398.664,8,7
1636379700,398.64,398.64,398.64,398.64,398.64,2,1
1636379760,398.64,398.64,398.64,398.64,398.64,7,1
1636379820,398.64,398.64,398.64,398.64,398.64,7,4
1636379880,398.63,398.68,398.63,398.67,398.673,12,6
1636379940,398.67,398.69,398.67,398.67,398.675,6,4
1636380000,398.65,398.65,398.46,398.56,398.573,44,26
1636380060,398.57,398.64,398.56,398.63,398.625,51,18
1636380120,398.63,398.71,398.63,398.71,398.687,65,27
1636380180,398.72,398.72,398.58,398.58,398.676,6,3
1636380240,398.56,398.56,398.5,398.51,398.524,35,23
1636380300,398.51,398.51,398.46,398.47,398.486,18,4
1636380360,398.47,398.61,398.47,398.58,398.52,30,19
1636380420,398.57,398.65,398.57,398.65,398.643,12,4
1636380480,398.61,398.61,398.59,398.6,398.605,22,8
1636380540,398.64,398.68,398.64,398.67,398.647,12,8
1636380600,398.68,398.71,398.68,398.71,398.684,8,4
1636380660,398.62,398.7,398.62,398.7,398.676,99,28
1636380720,398.71,398.75,398.71,398.75,398.728,77,27
1636380780,398.73,398.75,398.7,398.75,398.716,132,45
1636380840,398.79,398.88,398.79,398.88,398.844,13,10
1636380900,398.9,398.95,398.88,398.88,398.9,31,20
1636380960,398.86,398.86,398.73,398.73,398.76,21,14
1636381020,398.74,398.78,398.74,398.78,398.752,53,18
1636381080,398.78,398.87,398.78,398.87,398.848,21,9
1636381140,398.88,398.93,398.88,398.92,398.906,84,46
1636381200,398.92,398.92,398.92,398.92,398.92,0,0
1636381260,398.87,398.98,398.87,398.98,398.899,58,34
1636381320,398.97,399.14,398.97,399.12,399.044,106,60
1636381380,399.1,399.12,399.02,399.05,399.087,187,61
1636381440,399.05,399.13,399.05,399.12,399.081,23,13
1636381500,398.95,398.95,398.88,398.88,398.894,25,6
1636381560,398.83,398.84,398.79,398.84,398.804,56,8
1636381620,398.8,398.8,398.76,398.76,398.766,48,17
1636381680,398.7,398.71,398.62,398.62,398.693,31,15
1636381740,398.64,398.65,398.57,398.57,398.625,22,13
1636381800,398.57,398.73,398.14,398.44,398.488,4420,1511
1636381860,398.44,398.85,398.38,398.85,398.6,1319,778
1636381920,398.87,398.87,398.54,398.78,398.683,1226,584
1636381980,398.79,399.02,398.38,398.81,398.706,1922,1029
1636382040,398.82,399.18,398.68,399.12,398.962,2464,1138
1636382100,399.11,399.4,398.9,399.4,399.095,1548,856
1636382160,399.4,399.62,399.36,399.42,399.504,1296,641
1636382220,399.41,399.54,399.33,399.38,399.458,1626,748
1636382280,399.4,399.56,399.05,399.07,399.326,1313,677
1636382340,399.06,399.13,398.61,398.75,398.84,2504,1336
1636382400,398.77,399.01,398.61,399.0,398.819,1411,781
1636382460,399.01,399.15,398.72,398.84,398.953,1270,695
1636382520,398.84,398.85,398.4,398.46,398.661,1160,591
1636382580,398.38,398.73,398.35,398.7,398.514,1769,824
1636382640,398.69,398.71,398.47,398.54,398.599,1109,527
1636382700,398.56,398.66,398.4,398.58,398.548,1085,619
1636382760,398.56,398.71,398.47,398.54,398.595,1228,730
1636382820,398.54,398.87,398.46,398.84,398.713,893,450
1636382880,398.83,398.9,398.63,398.64,398.729,676,354
1636382940,398.62,398.62,398.25,398.59,398.483,927,451
1636383000,398.58,398.83,398.49,398.56,398.635,644,337
1636383060,398.54,398.75,398.42,398.49,398.603,752,374
1636383120,398.51,398.52,398.18,398.18,398.335,522,297
1636383180,398.18,398.21,397.76,398.06,397.923,2579,1295
1636383240,398.04,398.19,397.94,398.15,398.046,1219,565
1636383300,398.18,398.22,397.89,398.01,398.032,1949,892
1636383360,398.02,398.19,397.9,397.95,398.068,1206,655
1636383420,397.94,398.11,397.93,398.01,398.028,916,456
1636383480,398.0,398.43,398.0,398.43,398.269,1572,748
1636383540,398.43,398.45,398.18,398.27,398.306,612,337
1636383600,398.28,398.35,397.98,398.01,398.117,1150,580
1636383660,398.02,398.13,397.9,398.12,398.022,1136,580
1636383720,398.1,398.27,398.03,398.11,398.187,1059,507
1636383780,398.12,398.22,398.02,398.09,398.099,673,359
1636383840,398.11,398.11,397.79,397.96,397.93,1603,841
1636383900,397.95,398.53,397.95,398.53,398.242,1109,521
1636383960,398.53,398.8,398.37,398.51,398.599,1135,621
1636384020,398.48,398.63,398.36,398.45,398.501,1081,533
1636384080,398.46,398.54,398.38,398.45,398.447,797,360
1636384140,398.44,398.51,398.18,398.24,398.343,697,321
1636384200,398.23,398.48,398.18,398.41,398.301,1556,633
1636384260,398.42,398.49,398.21,398.49,398.342,546,300
1636384320,398.5,398.52,398.35,398.47,398.448,782,294
1636384380,398.47,398.6,398.4,398.43,398.49,505,315
1636384440,398.43,398.62,398.37,398.38,398.512,553,288
1636384500,398.4,398.54,398.28,398.41,398.406,498,323
1636384560,398.42,398.61,398.38,398.55,398.484,718,350
1636384620,398.56,398.62,398.4,398.45,398.469,602,340
1636384680,398.44,398.65,398.43,398.52,398.533,534,273
1636384740,398.49,398.5,398.3,398.45,398.372,585,315
1636384800,398.48,398.84,398.45,398.66,398.652,884,457
1636384860,398.66,398.75,398.52,398.55,398.625,680,312
1636384920,398.54,398.74,398.53,398.73,398.65,458,249
1636384980,398.75,398.85,398.64,398.77,398.737,605,337
1636385040,398.78,398.79,398.62,398.63,398.721,519,262
1636385100,398.63,398.63,398.48,398.53,398.536,622,285
1636385160,398.55,398.67,398.52,398.61,398.622,462,277
1636385220,398.59,398.72,398.59,398.61,398.649,344,185
1636385280,398.61,398.61,398.15,398.2,398.372,785,324
1636385340,398.19,398.45,398.19,398.31,398.339,468,242
1636385400,398.31,398.5,398.25,398.36,398.39,466,282
1636385460,398.38,398.7,398.33,398.68,398.486,628,346
1636385520,398.7,398.8,398.47,398.53,398.691,772,330
1636385580,398.53,398.68,398.51,398.65,398.597,368,193
1636385640,398.65,398.66,398.36,398.37,398.455,634,214
1636385700,398.37,398.59,398.32,398.5,398.431,1407,675
1636385760,398.51,398.57,398.37,398.41,398.458,587,346
1636385820,398.4,398.43,398.24,398.36,398.333,758,389
1636385880,398.36,398.37,397.97,398.05,398.116,760,451
1636385940,398.05,398.1,397.87,397.88,397.992,1132,506
1636386000,397.88,398.06,397.48,397.54,397.704,1160,539
1636386060,397.55,397.64,397.4,397.54,397.523,1613,846
1636386120,397.53,397.59,397.42,397.46,397.518,820,451
1636386180,397.48,397.73,397.47,397.66,397.65,876,429
1636386240,397.66,397.78,397.62,397.72,397.69,604,320
1636386300,397.72,397.92,397.67,397.92,397.781,695,403
1636386360,397.92,398.22,397.91,398.15,398.094,578,358
1636386420,398.13,398.39,398.07,398.19,398.26,931,527
1636386480,398.18,398.2,398.09,398.19,398.134,515,290
1636386540,398.17,398.4,398.12,398.35,398.288,440,214
1636386600,398.35,398.36,398.23,398.24,398.277,350,121
1636386660,398.23,398.36,398.14,398.31,398.246,342,181
1636386720,398.3,398.3,398.17,398.29,398.25,252,122
1636386780,398.27,398.39,398.25,398.38,398.334,277,119
1636386840,398.37,398.37,398.27,398.37,398.314,290,150
1636386900,398.33,398.38,398.1,398.29,398.219,593,220
1636386960,398.31,398.47,398.26,398.28,398.398,400,200
1636387020,398.28,398.41,398.21,398.34,398.3,358,195
1636387080,398.33,398.46,398.27,398.45,398.353,231,107
1636387140,398.44,398.51,398.22,398.23,398.371,501,248
1636387200,398.23,398.28,397.97,398.23,398.131,943,506
1636387260,398.22,398.26,398.1,398.12,398.171,528,299
1636387320,398.12,398.25,398.05,398.23,398.123,258,147
1636387380,398.31,398.44,398.25,398.43,398.342,388,213
1636387440,398.44,398.44,398.18,398.33,398.261,455,191
1636387500,398.32,398.32,398.06,398.19,398.158,297,159
1636387560,398.19,398.49,398.19,398.44,398.381,573,260
1636387620,398.43,398.47,398.34,398.37,398.403,556,256
1636387680,398.4,398.43,397.99,398.27,398.166,933,386
1636387740,398.23,398.45,398.23,398.4,398.387,662,300
1636387800,398.37,398.45,398.14,398.2,398.257,764,354
1636387860,398.2,398.27,398.01,398.07,398.169,634,261
1636387920,398.06,398.15,397.99,398.01,398.051,451,226
1636387980,398.04,398.14,397.93,398.08,398.047,380,202
1636388040,398.06,398.1,397.8,397.87,397.883,428,225
1636388100,397.85,397.9,397.75,397.85,397.81,430,221
1636388160,397.86,397.87,397.73,397.76,397.786,482,218
1636388220,397.78,398.09,397.74,398.06,397.925,560,288
1636388280,398.05,398.25,397.97,398.23,398.142,714,348
1636388340,398.22,398.31,398.18,398.23,398.234,415,190
1636388400,398.26,398.37,398.24,398.35,398.311,243,123
1636388460,398.36,398.8,398.32,398.74,398.618,795,352
1636388520,398.72,398.74,398.59,398.68,398.695,610,285
1636388580,398.68,398.84,398.67,398.78,398.759,631,241
1636388640,398.78,398.83,398.6,398.62,398.694,348,179
1636388700,398.63,398.83,398.62,398.83,398.692,656,294
1636388760,398.83,398.84,398.71,398.76,398.759,641,290
1636388820,398.79,398.99,398.76,398.82,398.917,1073,531
1636388880,398.81,398.88,398.79,398.85,398.818,387,196
1636388940,398.88,398.97,398.78,398.81,398.913,574,247
1636389000,398.82,398.9,398.82,398.87,398.866,353,163
1636389060,398.85,398.86,398.67,398.79,398.769,500,196
1636389120,398.79,398.8,398.69,398.78,398.744,203,120
1636389180,398.78,398.81,398.65,398.72,398.728,128,61
1636389240,398.74,398.76,398.59,398.76,398.658,330,144
1636389300,398.75,398.92,398.68,398.89,398.823,366,173
1636389360,398.89,398.97,398.77,398.84,398.862,363,165
1636389420,398.83,398.89,398.8,398.87,398.84,236,107
1636389480,398.87,398.87,398.76,398.77,398.792,174,92
1636389540,398.76,398.78,398.63,398.72,398.694,400,160
1636389600,398.76,398.77,398.65,398.66,398.709,249,127
1636389660,398.68,398.71,398.44,398.46,398.575,561,257
1636389720,398.47,398.62,398.46,398.56,398.568,275,135
1636389780,398.56,398.67,398.51,398.59,398.583,199,105
1636389840,398.58,398.63,398.53,398.57,398.576,316,184
1636389900,398.57,398.59,398.44,398.51,398.522,328,181
1636389960,398.51,398.6,398.51,398.57,398.567,238,137
1636390020,398.6,398.62,398.48,398.49,398.552,201,125
1636390080,398.48,398.53,398.43,398.43,398.47,174,96
1636390140,398.46,398.46,398.25,398.28,398.329,397,201
1636390200,398.27,398.31,398.19,398.3,398.244,521,244
1636390260,398.31,398.31,398.19,398.25,398.238,260,147
1636390320,398.25,398.25,397.99,398.01,398.107,573,299
1636390380,398.02,398.29,398.0,398.29,398.156,293,157
1636390440,398.28,398.35,398.21,398.23,398.28,249,113
1636390500,398.23,398.24,398.05,398.08,398.107,287,131
1636390560,398.05,398.17,398.04,398.17,398.093,207,97
1636390620,398.15,398.15,398.04,398.06,398.091,137,67
1636390680,398.06,398.2,398.01,398.09,398.096,341,196
1636390740,398.07,398.22,398.06,398.17,398.147,204,114
1636390800,398.18,398.34,398.13,398.21,398.246,337,209
1636390860,398.2,398.27,398.12,398.14,398.206,269,157
1636390920,398.15,398.27,398.13,398.24,398.215,245,109
1636390980,398.27,398.27,397.86,397.91,398.012,931,458
1636391040,397.92,397.95,397.79,397.79,397.878,486,196
1636391100,397.82,397.91,397.79,397.8,397.865,351,124
1636391160,397.77,397.93,397.72,397.77,397.848,491,252
1636391220,397.76,397.9,397.75,397.88,397.843,440,213
1636391280,397.87,398.08,397.86,397.97,397.974,307,153
1636391340,397.96,398.06,397.94,397.98,397.999,298,136
1636391400,398.01,398.15,398.01,398.05,398.095,330,181
1636391460,398.07,398.15,397.98,398.0,398.076,374,198
1636391520,398.0,398.0,397.81,397.91,397.903,300,183
1636391580,397.9,397.99,397.88,397.92,397.928,226,134
1636391640,397.92,397.99,397.87,397.87,397.927,150,87
1636391700,397.85,397.88,397.69,397.74,397.758,540,204
1636391760,397.75,397.85,397.65,397.8,397.782,403,162
1636391820,397.83,398.05,397.81,398.04,397.957,501,278
1636391880,398.05,398.18,398.03,398.14,398.116,513,247
1636391940,398.13,398.23,398.1,398.2,398.161,452,200
1636392000,398.21,398.22,398.08,398.15,398.149,584,226
1636392060,398.16,398.29,398.16,398.21,398.242,548,244
1636392120,398.22,398.22,398.12,398.12,398.175,206,109
1636392180,398.13,398.13,398.01,398.09,398.076,166,86
1636392240,398.08,398.12,398.0,398.04,398.073,184,88
1636392300,398.03,398.13,398.02,398.11,398.092,211,105
1636392360,398.08,398.15,398.07,398.13,398.113,133,68
1636392420,398.11,398.11,398.02,398.04,398.057,226,107
1636392480,398.02,398.07,397.89,398.01,398.0,463,218
1636392540,398.02,398.07,397.97,398.02,398.002,280,142
1636392600,398.0,398.12,398.0,398.01,398.067,350,174
1636392660,398.01,398.04,397.86,397.99,397.947,186,118
1636392720,397.99,398.0,397.88,397.91,397.944,156,95
1636392780,397.9,398.01,397.87,398.01,397.938,204,108
1636392840,398.03,398.31,398.03,398.27,398.176,524,271
1636392900,398.26,398.31,398.12,398.12,398.225,306,109
1636392960,398.12,398.12,397.95,398.02,398.03,181,100
1636393020,397.98,398.0,397.85,397.92,397.915,175,102
1636393080,397.93,398.05,397.93,398.0,397.997,282,138
1636393140,397.99,398.01,397.88,397.89,397.92,158,91
1636393200,397.91,398.08,397.86,398.06,398.016,304,188
1636393260,398.04,398.1,397.99,398.07,398.031,289,123
1636393320,398.09,398.19,398.08,398.19,398.133,261,155
1636393380,398.2,398.31,398.16,398.3,398.231,394,162
1636393440,398.3,398.37,398.29,398.31,398.329,378,170
1636393500,398.31,398.42,398.3,398.41,398.375,281,152
1636393560,398.39,398.4,398.28,398.3,398.324,282,126
1636393620,398.32,398.35,398.27,398.34,398.291,336,169
1636393680,398.31,398.35,398.28,398.3,398.313,214,78
1636393740,398.3,398.3,398.22,398.24,398.253,306,140
1636393800,398.2,398.27,398.08,398.26,398.18,558,226
1636393860,398.25,398.28,398.06,398.07,398.184,304,161
1636393920,398.07,398.27,398.01,398.27,398.13,203,104
1636393980,398.26,398.27,398.06,398.11,398.14,324,140
1636394040,398.11,398.33,398.1,398.24,398.213,255,116
1636394100,398.28,398.3,398.13,398.13,398.217,130,74
1636394160,398.16,398.19,398.04,398.04,398.096,132,71
1636394220,398.06,398.15,398.02,398.15,398.073,178,75
1636394280,398.15,398.24,398.02,398.22,398.13,287,101
1636394340,398.22,398.48,398.2,398.42,398.374,375,207
1636394400,398.43,398.5,398.27,398.4,398.371,543,265
1636394460,398.4,398.51,398.38,398.47,398.462,204,124
1636394520,398.47,398.47,398.3,398.42,398.417,207,111
1636394580,398.42,398.55,398.41,398.54,398.477,204,107
1636394640,398.53,398.54,398.37,398.39,398.482,339,179
1636394700,398.39,398.54,398.39,398.51,398.488,238,102
1636394760,398.52,398.53,398.41,398.43,398.483,153,62
1636394820,398.47,398.53,398.47,398.53,398.503,81,57
1636394880,398.51,398.51,398.43,398.45,398.465,153,86
1636394940,398.47,398.47,398.39,398.41,398.425,278,129
1636395000,398.44,398.53,398.35,398.51,398.408,374,175
1636395060,398.53,398.68,398.53,398.68,398.609,274,137
1636395120,398.68,398.87,398.67,398.86,398.759,671,300
1636395180,398.86,398.86,398.66,398.69,398.741,243,97
1636395240,398.7,398.76,398.64,398.71,398.683,134,70
1636395300,398.73,398.73,398.55,398.56,398.627,561,300
1636395360,398.55,398.68,398.53,398.66,398.598,103,64
1636395420,398.66,398.7,398.63,398.67,398.667,180,83
1636395480,398.7,398.8,398.7,398.73,398.749,274,113
1636395540,398.75,398.81,398.74,398.81,398.772,81,38
1636395600,398.81,398.91,398.8,398.88,398.87,259,123
1636395660,398.87,398.87,398.74,398.79,398.799,125,61
1636395720,398.79,398.79,398.72,398.76,398.756,175,80
1636395780,398.76,398.85,398.75,398.83,398.787,150,94
1636395840,398.83,398.87,398.78,398.78,398.838,140,66
1636395900,398.77,398.81,398.67,398.8,398.716,192,88
1636395960,398.83,398.88,398.8,398.81,398.847,64,38
1636396020,398.82,398.85,398.75,398.78,398.795,94,54
1636396080,398.77,398.9,398.75,398.88,398.832,280,115
1636396140,398.87,398.93,398.76,398.8,398.842,298,107
1636396200,398.81,398.84,398.77,398.8,398.804,108,52
1636396260,398.84,398.92,398.75,398.76,398.856,457,166
1636396320,398.77,398.81,398.65,398.72,398.713,450,176
1636396380,398.73,398.85,398.73,398.76,398.789,140,71
1636396440,398.74,398.76,398.6,398.6,398.652,423,185
1636396500,398.61,398.62,398.46,398.46,398.548,290,108
1636396560,398.48,398.66,398.48,398.66,398.578,177,78
1636396620,398.67,398.73,398.57,398.64,398.674,568,190
1636396680,398.61,398.74,398.61,398.69,398.699,187,78
1636396740,398.7,398.73,398.65,398.68,398.693,205,100
1636396800,398.67,398.68,398.53,398.55,398.609,307,144
1636396860,398.57,398.59,398.54,398.54,398.565,117,43
1636396920,398.58,398.65,398.56,398.65,398.612,67,43
1636396980,398.67,398.67,398.55,398.55,398.612,94,61
1636397040,398.54,398.72,398.52,398.7,398.626,224,138
1636397100,398.69,398.75,398.56,398.73,398.663,275,111
1636397160,398.73,398.87,398.72,398.87,398.801,327,166
1636397220,398.87,398.94,398.82,398.92,398.889,316,161
1636397280,398.91,398.93,398.8,398.86,398.875,336,177
1636397340,398.85,398.87,398.77,398.81,398.814,145,80
1636397400,398.81,398.87,398.78,398.84,398.828,292,133
1636397460,398.84,398.97,398.82,398.92,398.926,440,188
1636397520,398.91,398.93,398.81,398.86,398.854,600,261
1636397580,398.86,398.91,398.84,398.87,398.882,142,76
1636397640,398.88,398.98,398.88,398.92,398.93,162,114
1636397700,398.92,398.94,398.88,398.94,398.918,224,120
1636397760,398.92,398.97,398.88,398.91,398.915,154,89
1636397820,398.89,398.95,398.87,398.88,398.913,150,99
1636397880,398.89,398.91,398.84,398.86,398.87,219,121
1636397940,398.86,398.86,398.76,398.78,398.806,287,96
1636398000,398.8,398.84,398.77,398.8,398.805,129,92
1636398060,398.8,398.89,398.74,398.89,398.831,164,89
1636398120,398.9,398.97,398.87,398.96,398.916,307,136
1636398180,398.92,398.97,398.91,398.94,398.952,176,84
1636398240,398.94,398.94,398.88,398.91,398.907,87,59
1636398300,398.87,398.89,398.73,398.76,398.803,414,163
1636398360,398.76,398.86,398.75,398.86,398.805,153,74
1636398420,398.86,398.97,398.84,398.95,398.921,191,73
1636398480,398.94,399.0,398.91,398.92,398.978,412,171
1636398540,398.92,398.95,398.87,398.87,398.917,166,93
1636398600,398.88,398.88,398.76,398.81,398.817,239,110
1636398660,398.81,398.81,398.71,398.78,398.756,186,111
1636398720,398.79,398.79,398.71,398.76,398.736,126,64
1636398780,398.78,398.84,398.73,398.82,398.768,215,137
1636398840,398.83,398.89,398.81,398.89,398.865,87,49
1636398900,398.91,398.93,398.84,398.84,398.886,135,75
1636398960,398.88,399.25,398.87,399.18,399.085,1758,757
1636399020,399.17,399.35,399.13,399.27,399.268,913,356
1636399080,399.27,399.37,399.2,399.23,399.297,296,169
1636399140,399.22,399.23,399.17,399.21,399.204,188,86
1636399200,399.21,399.21,399.0,399.01,399.083,443,199
1636399260,399.0,399.02,398.81,398.82,398.908,390,166
1636399320,398.84,398.84,398.7,398.73,398.763,306,153
1636399380,398.73,398.82,398.71,398.75,398.78,285,135
1636399440,398.76,398.79,398.73,398.73,398.759,189,68
1636399500,398.74,398.74,398.54,398.57,398.622,451,188
1636399560,398.59,398.6,398.5,398.51,398.529,252,141
1636399620,398.52,398.58,398.51,398.54,398.537,385,216
1636399680,398.55,398.58,398.51,398.53,398.539,323,183
1636399740,398.52,398.52,398.36,398.37,398.419,391,166
1636399800,398.37,398.57,398.37,398.56,398.494,264,127
1636399860,398.56,398.67,398.55,398.62,398.631,349,154
1636399920,398.64,398.72,398.62,398.72,398.654,310,136
1636399980,398.71,398.74,398.68,398.69,398.719,574,202
1636400040,398.68,398.69,398.56,398.59,398.619,231,121
1636400100,398.58,398.61,398.53,398.56,398.57,158,73
1636400160,398.57,398.6,398.54,398.59,398.577,122,80
1636400220,398.56,398.57,398.52,398.56,398.536,243,85
1636400280,398.55,398.65,398.55,398.63,398.626,286,100
1636400340,398.62,398.72,398.61,398.67,398.657,167,62
1636400400,398.69,398.74,398.69,398.69,398.714,276,141
1636400460,398.69,398.71,398.65,398.67,398.673,102,44
1636400520,398.67,398.74,398.66,398.72,398.712,139,82
1636400580,398.7,398.74,398.67,398.73,398.693,211,128
1636400640,398.72,398.9,398.72,398.87,398.809,353,170
1636400700,398.83,398.92,398.83,398.89,398.877,328,136
1636400760,398.89,398.94,398.87,398.94,398.905,142,52
1636400820,398.95,398.95,398.87,398.9,398.919,160,90
1636400880,398.89,398.9,398.82,398.9,398.861,278,132
1636400940,398.9,398.95,398.89,398.92,398.92,259,90
1636401000,398.93,399.03,398.93,398.99,398.984,349,151
1636401060,398.97,399.0,398.9,398.93,398.957,255,89
1636401120,398.93,398.95,398.89,398.95,398.924,213,67
1636401180,398.94,398.96,398.91,398.91,398.929,51,30
1636401240,398.91,398.91,398.77,398.77,398.844,326,147
1636401300,398.79,398.86,398.78,398.84,398.815,299,148
1636401360,398.84,399.08,398.84,399.03,399.0,458,212
1636401420,399.02,399.07,398.99,399.02,399.027,165,82
1636401480,399.02,399.07,399.01,399.05,399.043,278,88
1636401540,399.06,399.06,399.0,399.0,399.027,72,49
1636401600,399.01,399.01,398.86,398.92,398.931,403,228
1636401660,398.91,398.93,398.84,398.85,398.883,232,139
1636401720,398.84,398.91,398.81,398.87,398.868,240,123
1636401780,398.87,398.89,398.81,398.85,398.84,208,137
1636401840,398.84,398.97,398.83,398.96,398.91,239,170
1636401900,398.96,398.99,398.9,398.91,398.94,186,97
1636401960,398.91,398.94,398.84,398.87,398.881,114,84
1636402020,398.86,398.91,398.83,398.84,398.867,133,62
1636402080,398.85,398.86,398.64,398.66,398.714,580,349
1636402140,398.66,398.91,398.66,398.83,398.817,561,286
1636402200,398.84,398.89,398.76,398.76,398.836,220,97
1636402260,398.77,398.78,398.71,398.74,398.745,205,113
1636402320,398.73,398.76,398.65,398.69,398.705,203,122
1636402380,398.7,398.76,398.68,398.75,398.723,179,111
1636402440,398.75,398.9,398.72,398.84,398.817,405,177
1636402500,398.85,398.95,398.85,398.86,398.912,259,141
1636402560,398.86,398.86,398.73,398.82,398.801,300,145
1636402620,398.81,398.9,398.81,398.88,398.864,175,86
1636402680,398.87,398.92,398.84,398.85,398.886,189,103
1636402740,398.86,398.89,398.82,398.86,398.85,120,83
1636402800,398.88,398.98,398.87,398.98,398.935,291,149
1636402860,399.0,399.02,398.94,398.94,398.98,182,103
1636402920,398.94,398.95,398.89,398.93,398.918,141,83
1636402980,398.91,398.91,398.77,398.77,398.819,268,143
1636403040,398.78,398.81,398.76,398.8,398.783,154,94
1636403100,398.81,398.86,398.65,398.69,398.739,275,145
1636403160,398.67,398.71,398.61,398.65,398.662,294,157
1636403220,398.66,398.7,398.48,398.52,398.594,340,213
1636403280,398.52,398.66,398.51,398.54,398.593,391,238
1636403340,398.55,398.65,398.55,398.65,398.594,172,118
1636403400,398.65,398.74,398.63,398.69,398.693,527,256
1636403460,398.68,398.69,398.59,398.6,398.638,388,200
1636403520,398.61,398.62,398.52,398.58,398.585,278,144
1636403580,398.58,398.61,398.52,398.53,398.559,267,141
1636403640,398.53,398.66,398.53,398.55,398.591,415,242
1636403700,398.55,398.68,398.5,398.68,398.611,341,174
1636403760,398.67,398.7,398.59,398.59,398.656,204,99
1636403820,398.61,398.62,398.54,398.54,398.579,283,105
1636403880,398.56,398.59,398.43,398.47,398.494,325,112
1636403940,398.47,398.55,398.44,398.51,398.489,435,188
1636404000,398.5,398.5,398.25,398.36,398.345,772,393
1636404060,398.36,398.37,398.16,398.19,398.228,836,368
1636404120,398.19,398.22,398.03,398.05,398.123,636,286
1636404180,398.04,398.16,398.03,398.11,398.109,464,244
1636404240,398.1,398.17,397.89,397.96,397.998,628,319
1636404300,397.95,398.01,397.79,397.83,397.898,917,463
1636404360,397.83,397.87,397.62,397.62,397.775,1231,564
1636404420,397.62,397.68,397.5,397.66,397.613,1451,735
1636404480,397.66,397.8,397.65,397.8,397.714,2350,929
1636404540,397.79,397.81,397.57,397.66,397.715,905,449
1636404600,397.66,398.07,397.66,398.0,397.896,1536,922
1636404660,397.96,398.11,397.88,398.09,397.997,1061,494
1636404720,398.08,398.08,397.98,398.05,398.034,646,384
1636404780,398.06,398.27,398.04,398.16,398.2,1235,584
1636404840,398.18,398.25,398.06,398.22,398.152,1446,702
1636404900,398.22,398.28,398.13,398.18,398.198,967,515
1636404960,398.18,398.24,398.1,398.16,398.176,1435,636
1636405020,398.15,398.19,398.13,398.15,398.161,1214,581
1636405080,398.14,398.19,398.06,398.13,398.14,2328,972
1636405140,398.13,398.13,397.94,398.06,398.033,3476,1336
1636405200,398.06,398.13,397.41,397.88,397.95,3830,566
1636405260,397.85,397.91,397.7,397.79,397.801,593,165
1636405320,397.82,397.86,397.73,397.73,397.821,306,89
1636405380,397.74,397.81,397.7,397.71,397.745,291,90
1636405440,397.73,397.78,397.7,397.73,397.735,207,67
1636405500,397.75,397.93,397.75,397.93,397.83,348,113
1636405560,397.92,397.92,397.8,397.86,397.862,111,41
1636405620,397.83,397.87,397.82,397.87,397.848,83,28
1636405680,397.86,397.86,397.82,397.86,397.847,12,8
1636405740,397.88,397.88,397.81,397.86,397.838,40,18
1636405800,397.79,397.8,397.74,397.78,397.784,210,47
1636405860,397.78,397.81,397.75,397.79,397.78,203,68
1636405920,397.79,397.83,397.78,397.81,397.81,90,21
1636405980,397.84,397.98,397.83,397.95,397.943,74,24
1636406040,397.96,398.03,397.96,398.03,398.009,48,17
1636406100,397.95,397.95,397.86,397.86,397.871,162,40
1636406160,397.86,397.9,397.84,397.84,397.858,72,16
1636406220,397.8,397.8,397.69,397.79,397.712,69,22
1636406280,397.86,397.9,397.85,397.86,397.881,100,29
1636406340,397.86,397.87,397.84,397.85,397.851,79,19
1636406400,397.86,397.87,397.86,397.86,397.861,16,6
1636406460,397.89,397.96,397.88,397.96,397.92,129,42
1636406520,398.0,398.02,398.0,398.02,398.02,50,13
1636406580,397.94,397.94,397.94,397.94,397.94,1,1
1636406640,397.91,397.91,397.9,397.9,397.902,17,7
1636406700,397.9,397.9,397.88,397.88,397.898,85,18
1636406760,397.94,397.94,397.94,397.94,397.94,5,2
1636406820,397.93,398.06,397.93,398.06,398.052,23,2
1636406880,397.93,397.93,397.9,397.9,397.911,8,4
1636406940,397.9,397.9,397.86,397.86,397.876,37,5
1636407000,397.86,397.89,397.86,397.89,397.871,7,4
1636407060,398.02,398.06,397.97,398.0,398.032,117,14
1636407120,397.97,398.01,397.96,397.98,397.979,21,12
1636407180,397.96,397.96,397.94,397.94,397.948,2,2
1636407240,397.9,397.9,397.89,397.9,397.894,28,7
1636407300,397.83,397.84,397.81,397.81,397.821,26,7
1636407360,397.82,397.82,397.82,397.82,397.82,1,1
1636407420,397.87,397.92,397.87,397.9,397.895,91,20
1636407480,397.83,397.83,397.83,397.83,397.83,2,1
1636407540,397.86,397.86,397.81,397.81,397.824,3,2
1636407600,397.81,397.81,397.81,397.81,397.81,0,0
1636407660,397.81,397.81,397.81,397.81,397.81,0,0
1636407720,397.97,397.97,397.97,397.97,397.97,22,4
1636407780,397.99,398.01,397.96,398.01,397.971,85,23
1636407840,397.99,398.0,397.99,398.0,398.0,25,5
1636407900,398.0,398.0,397.97,397.98,397.979,64,15
1636407960,397.98,397.98,397.98,397.98,397.98,0,0
1636408020,397.96,397.99,397.96,397.97,397.979,12,7
1636408080,397.97,397.97,397.97,397.97,397.97,0,0
1636408140,397.95,397.95,397.93,397.93,397.94,100,17
1636408200,397.93,397.95,397.91,397.94,397.934,24,10
1636408260,397.99,397.99,397.99,397.99,397.99,1,1
1636408320,397.99,397.99,397.96,397.96,397.968,64,10
1636408380,397.99,397.99,397.99,397.99,397.99,19,4
1636408440,397.99,397.99,397.97,397.97,397.984,103,30
1636408500,397.95,397.95,397.93,397.93,397.934,5,5
1636408560,397.91,397.91,397.91,397.91,397.91,9,2
1636408620,397.95,397.95,397.95,397.95,397.95,2,1
1636408680,397.9,397.93,397.9,397.93,397.913,21,10
1636408740,397.88,397.89,397.87,397.89,397.878,4,4
1636408800,397.88,398.08,397.88,398.08,397.961,6,3
1636408860,397.93,397.93,397.93,397.93,397.93,3,2
1636408920,397.88,397.88,397.88,397.88,397.88,2,2
1636408980,397.88,397.88,397.88,397.88,397.88,1,1
1636409040,397.85,397.85,397.82,397.82,397.833,21,9
1636409100,397.83,397.85,397.82,397.85,397.834,4,3
1636409160,397.85,397.85,397.85,397.85,397.85,1,1
1636409220,397.92,397.92,397.92,397.92,397.92,5,2
1636409280,397.92,397.92,397.9,397.9,397.905,7,4
1636409340,397.89,397.89,397.79,397.81,397.832,40,19
1636409400,397.86,397.86,397.85,397.85,397.853,6,3
1636409460,397.9,397.9,397.9,397.9,397.9,1,1
1636409520,397.85,397.85,397.85,397.85,397.85,11,6
1636409580,397.85,397.85,397.85,397.85,397.85,0,0
1636409640,397.85,397.85,397.85,397.85,397.85,0,0
1636409700,397.85,397.85,397.85,397.85,397.85,0,0
1636409760,397.86,397.86,397.86,397.86,397.86,3,1
1636409820,397.86,397.86,397.86,397.86,397.86,0,0
1636409880,397.9,397.9,397.86,397.9,397.896,10,10
1636409940,398.06,398.06,398.06,398.06,398.06,22,1
1636410000,397.86,397.86,397.86,397.86,397.86,6,3
1636410060,397.86,397.86,397.86,397.86,397.86,8,3
1636410120,397.83,397.83,397.83,397.83,397.83,1,1
1636410180,397.83,397.83,397.83,397.83,397.83,0,0
1636410240,397.83,397.83,397.83,397.83,397.83,0,0
1636410300,397.83,397.83,397.83,397.83,397.83,0,0
1636410360,397.83,397.83,397.83,397.83,397.83,0,0
1636410420,397.92,397.92,397.92,397.92,397.92,1,1
1636410480,397.92,397.92,397.92,397.92,397.92,0,0
1636410540,397.92,397.92,397.92,397.92,397.92,0,0
1636410600,397.92,397.92,397.92,397.92,397.92,0,0
1636410660,397.85,397.85,397.85,397.85,397.85,3,1
1636410720,397.81,397.81,397.81,397.81,397.81,10,1
1636410780,397.88,397.88,397.8,397.8,397.87,11,2
1636410840,397.8,397.8,397.74,397.74,397.768,33,11
1636410900,397.8,397.8,397.8,397.8,397.8,9,1
1636410960,397.72,397.72,397.72,397.72,397.72,10,2
1636411020,397.72,397.72,397.72,397.72,397.72,0,0
1636411080,397.72,397.72,397.72,397.72,397.72,29,5
1636411140,397.74,397.74,397.74,397.74,397.74,9,5
1636411200,397.74,397.74,397.74,397.74,397.74,0,0
1636411260,397.72,397.75,397.72,397.75,397.73,4,2
1636411320,397.72,397.72,397.72,397.72,397.72,12,5
1636411380,397.72,397.72,397.72,397.72,397.72,0,0
1636411440,397.73,397.73,397.73,397.73,397.73,1,1
1636411500,397.73,397.73,397.73,397.73,397.73,0,0
1636411560,397.66,397.66,397.66,397.66,397.66,4,3
1636411620,397.73,397.73,397.5,397.5,397.566,254,20
1636411680,397.5,397.5,397.5,397.5,397.5,0,0
1636411740,397.5,397.5,397.5,397.5,397.5,0,0
1636411800,397.59,397.59,397.59,397.59,397.59,2,1
1636411860,397.62,397.62,397.62,397.62,397.62,5,2
1636411920,397.62,397.62,397.62,397.62,397.62,0,0
1636411980,397.71,397.71,397.71,397.71,397.71,5,1
1636412040,397.6,397.6,397.6,397.6,397.6,5,3
1636412100,397.6,397.6,397.6,397.6,397.6,3,1
1636412160,397.69,397.69,397.69,397.69,397.69,2,1
1636412220,397.69,397.69,397.69,397.69,397.69,0,0
1636412280,397.67,397.67,397.67,397.67,397.67,5,1
1636412340,397.67,397.67,397.67,397.67,397.67,0,0
1636412400,397.65,397.73,397.64,397.73,397.657,36,8
1636412460,397.78,397.78,397.78,397.78,397.78,10,4
1636412520,397.74,397.74,397.74,397.74,397.74,5,1
1636412580,397.77,397.8,397.77,397.8,397.781,8,5
1636412640,397.76,397.76,397.73,397.74,397.742,40,9
1636412700,397.7,397.7,397.69,397.69,397.696,19,6
1636412760,397.69,397.69,397.69,397.69,397.69,0,0
1636412820,397.68,397.68,397.68,397.68,397.68,5,1
1636412880,397.68,397.68,397.68,397.68,397.68,0,0
1636412940,397.68,397.68,397.68,397.68,397.68,0,0
1636413000,397.76,397.76,397.76,397.76,397.76,1,1
1636413060,397.66,397.66,397.6,397.6,397.61,5,2
1636413120,397.6,397.6,397.6,397.6,397.6,0,0
1636413180,397.6,397.6,397.6,397.6,397.6,0,0
1636413240,397.67,397.67,397.67,397.67,397.67,1,1
1636413300,397.63,397.69,397.62,397.65,397.633,12,5
1636413360,397.65,397.65,397.65,397.65,397.65,0,0
1636413420,397.59,397.59,397.46,397.46,397.498,180,66
1636413480,397.46,397.51,397.46,397.51,397.47,10,2
1636413540,397.53,397.53,397.53,397.53,397.53,5,1
1636413600,397.51,397.52,397.5,397.5,397.512,14,4
1636413660,397.54,397.54,397.49,397.49,397.515,23,8
1636413720,397.49,397.49,397.49,397.49,397.49,0,0
1636413780,397.49,397.49,397.49,397.49,397.49,0,0
1636413840,397.5,397.53,397.5,397.53,397.502,21,4
1636413900,397.52,397.55,397.52,397.55,397.532,13,4
1636413960,397.53,397.53,397.53,397.53,397.53,1,1
1636414020,397.53,397.53,397.53,397.53,397.53,0,0
1636414080,397.55,397.56,397.55,397.56,397.558,10,2
1636414140,397.57,397.57,397.57,397.57,397.57,1,1
1636414200,397.65,397.66,397.65,397.66,397.658,6,2
1636414260,397.66,397.66,397.66,397.66,397.66,0,0
1636414320,397.68,397.68,397.68,397.68,397.68,2,1
1636414380,397.68,397.68,397.68,397.68,397.68,0,0
1636414440,397.68,397.68,397.68,397.68,397.68,0,0
1636414500,397.68,397.68,397.68,397.68,397.68,0,0
1636414560,397.74,397.74,397.74,397.74,397.74,2,1
1636414620,397.72,397.72,397.72,397.72,397.72,1,1
1636414680,397.7,397.7,397.7,397.7,397.7,1,1
1636414740,397.7,397.7,397.7,397.7,397.7,0,0
1636414800,397.7,397.7,397.7,397.7,397.7,0,0
1636414860,397.7,397.7,397.7,397.7,397.7,0,0
1636414920,397.7,397.7,397.7,397.7,397.7,0,0
1636414980,397.77,397.79,397.77,397.79,397.773,8,3
1636415040,397.79,397.79,397.79,397.79,397.79,0,0
1636415100,397.8,397.84,397.8,397.84,397.82,10,8
