date,open,high,low,close,average,volume,count
1631266740,75.13,75.13,75.13,75.13,75.13,1,1
1631266800,75.13,75.13,75.13,75.13,75.13,0,0
1631266860,75.13,75.13,75.13,75.13,75.13,0,0
1631266920,75.13,75.13,75.13,75.13,75.13,0,0
1631266980,75.13,75.13,75.13,75.13,75.13,0,0
1631267040,75.13,75.13,75.13,75.13,75.13,0,0
1631267100,75.13,75.13,75.13,75.13,75.13,0,0
1631267160,75.13,75.13,75.13,75.13,75.13,0,0
1631267220,75.13,75.13,75.13,75.13,75.13,0,0
1631267280,75.13,75.13,75.13,75.13,75.13,0,0
1631267340,75.13,75.13,75.13,75.13,75.13,0,0
1631267400,75.13,75.13,75.13,75.13,75.13,0,0
1631267460,75.13,75.13,75.13,75.13,75.13,0,0
1631267520,75.13,75.13,75.13,75.13,75.13,0,0
1631267580,75.13,75.13,75.13,75.13,75.13,0,0
1631267640,75.13,75.13,75.13,75.13,75.13,0,0
1631267700,75.13,75.13,75.13,75.13,75.13,0,0
1631267760,75.13,75.13,75.13,75.13,75.13,0,0
1631267820,75.13,75.13,75.13,75.13,75.13,0,0
1631267880,75.13,75.13,75.13,75.13,75.13,0,0
1631267940,75.13,75.13,75.13,75.13,75.13,0,0
1631268000,75.13,75.13,75.13,75.13,75.13,0,0
1631268060,75.13,75.13,75.13,75.13,75.13,0,0
1631268120,75.13,75.13,75.13,75.13,75.13,0,0
1631268180,75.13,75.13,75.13,75.13,75.13,0,0
1631268240,75.13,75.13,75.13,75.13,75.13,0,0
1631268300,75.13,75.13,75.13,75.13,75.13,0,0
1631268360,75.13,75.13,75.13,75.13,75.13,0,0
1631268420,75.13,75.13,75.13,75.13,75.13,0,0
1631268480,75.13,75.13,75.13,75.13,75.13,0,0
1631268540,75.13,75.13,75.13,75.13,75.13,0,0
1631268600,75.13,75.13,75.13,75.13,75.13,0,0
1631268660,75.13,75.13,75.13,75.13,75.13,0,0
1631268720,75.13,75.13,75.13,75.13,75.13,0,0
1631268780,75.13,75.13,75.13,75.13,75.13,0,0
1631268840,75.13,75.13,75.13,75.13,75.13,0,0
1631268900,75.13,75.13,75.13,75.13,75.13,0,0
1631268960,75.13,75.13,75.13,75.13,75.13,0,0
1631269020,75.13,75.13,75.13,75.13,75.13,0,0
1631269080,75.13,75.13,75.13,75.13,75.13,0,0
1631269140,75.13,75.13,75.13,75.13,75.13,0,0
1631269200,75.13,75.13,75.13,75.13,75.13,0,0
1631269260,75.13,75.13,75.13,75.13,75.13,0,0
1631269320,75.13,75.13,75.13,75.13,75.13,0,0
1631269380,75.13,75.13,75.13,75.13,75.13,0,0
1631269440,75.13,75.13,75.13,75.13,75.13,0,0
1631269500,75.13,75.13,75.13,75.13,75.13,0,0
1631269560,75.13,75.13,75.13,75.13,75.13,0,0
1631269620,75.13,75.13,75.13,75.13,75.13,0,0
1631269680,75.13,75.13,75.13,75.13,75.13,0,0
1631269740,75.13,75.13,75.13,75.13,75.13,0,0
1631269800,75.13,75.13,75.13,75.13,75.13,0,0
1631269860,75.13,75.13,75.13,75.13,75.13,0,0
1631269920,75.13,75.13,75.13,75.13,75.13,0,0
1631269980,75.13,75.13,75.13,75.13,75.13,0,0
1631270040,75.13,75.13,75.13,75.13,75.13,0,0
1631270100,75.13,75.13,75.13,75.13,75.13,0,0
1631270160,75.13,75.13,75.13,75.13,75.13,0,0
1631270220,75.13,75.13,75.13,75.13,75.13,0,0
1631270280,75.13,75.13,75.13,75.13,75.13,0,0
1631270340,75.13,75.13,75.13,75.13,75.13,0,0
1631270400,75.13,75.13,75.13,75.13,75.13,0,0
1631270460,75.13,75.13,75.13,75.13,75.13,0,0
1631270520,75.13,75.13,75.13,75.13,75.13,0,0
1631270580,75.13,75.13,75.13,75.13,75.13,0,0
1631270640,75.13,75.13,75.13,75.13,75.13,0,0
1631270700,74.9,74.9,74.9,74.9,74.9,1,1
1631270760,74.9,74.9,74.9,74.9,74.9,0,0
1631270820,74.9,74.9,74.9,74.9,74.9,0,0
1631270880,74.9,74.9,74.9,74.9,74.9,0,0
1631270940,74.9,74.9,74.9,74.9,74.9,0,0
1631271000,74.9,74.9,74.9,74.9,74.9,0,0
1631271060,74.9,74.9,74.9,74.9,74.9,0,0
1631271120,74.9,74.9,74.9,74.9,74.9,0,0
1631271180,74.9,74.9,74.9,74.9,74.9,0,0
1631271240,74.9,74.9,74.9,74.9,74.9,0,0
1631271300,74.9,74.9,74.9,74.9,74.9,0,0
1631271360,74.9,74.9,74.9,74.9,74.9,0,0
1631271420,74.9,74.9,74.9,74.9,74.9,0,0
1631271480,74.9,74.9,74.9,74.9,74.9,0,0
1631271540,74.9,74.9,74.9,74.9,74.9,0,0
1631271600,75.0,75.0,75.0,75.0,75.0,1,1
1631271660,75.0,75.0,75.0,75.0,75.0,0,0
1631271720,75.0,75.0,75.0,75.0,75.0,0,0
1631271780,75.0,75.0,75.0,75.0,75.0,0,0
1631271840,75.0,75.0,75.0,75.0,75.0,0,0
1631271900,75.0,75.0,75.0,75.0,75.0,0,0
1631271960,75.0,75.0,75.0,75.0,75.0,0,0
1631272020,75.0,75.0,75.0,75.0,75.0,0,0
1631272080,75.0,75.0,75.0,75.0,75.0,0,0
1631272140,75.0,75.0,75.0,75.0,75.0,0,0
1631272200,75.0,75.0,75.0,75.0,75.0,0,0
1631272260,75.0,75.0,75.0,75.0,75.0,0,0
1631272320,75.0,75.0,75.0,75.0,75.0,0,0
1631272380,75.0,75.0,75.0,75.0,75.0,0,0
1631272440,75.0,75.0,75.0,75.0,75.0,0,0
1631272500,75.0,75.0,75.0,75.0,75.0,0,0
1631272560,75.0,75.0,75.0,75.0,75.0,0,0
1631272620,75.0,75.0,75.0,75.0,75.0,0,0
1631272680,75.0,75.0,75.0,75.0,75.0,0,0
1631272740,75.0,75.0,75.0,75.0,75.0,0,0
1631272800,75.0,75.0,75.0,75.0,75.0,0,0
1631272860,75.0,75.0,75.0,75.0,75.0,0,0
1631272920,75.0,75.0,75.0,75.0,75.0,0,0
1631272980,75.0,75.0,75.0,75.0,75.0,0,0
1631273040,75.0,75.0,75.0,75.0,75.0,0,0
1631273100,75.0,75.0,75.0,75.0,75.0,0,0
1631273160,75.0,75.0,75.0,75.0,75.0,0,0
1631273220,75.14,75.14,75.14,75.14,75.14,2,2
1631273280,75.14,75.14,75.14,75.14,75.14,0,0
1631273340,75.14,75.14,75.14,75.14,75.14,0,0
1631273400,75.14,75.14,75.14,75.14,75.14,0,0
1631273460,75.14,75.14,75.14,75.14,75.14,0,0
1631273520,75.14,75.14,75.14,75.14,75.14,0,0
1631273580,75.14,75.14,75.14,75.14,75.14,0,0
1631273640,75.14,75.14,75.14,75.14,75.14,0,0
1631273700,75.1,75.1,75.1,75.1,75.1,1,1
1631273760,75.1,75.1,75.1,75.1,75.1,0,0
1631273820,75.12,75.12,75.12,75.12,75.12,4,2
1631273880,75.12,75.12,75.12,75.12,75.12,0,0
1631273940,75.12,75.12,75.12,75.12,75.12,0,0
1631274000,75.12,75.12,75.12,75.12,75.12,0,0
1631274060,75.12,75.12,75.12,75.12,75.12,0,0
1631274120,75.12,75.12,75.12,75.12,75.12,0,0
1631274180,75.12,75.12,75.12,75.12,75.12,0,0
1631274240,75.05,75.05,75.05,75.05,75.05,3,1
1631274300,75.05,75.05,75.05,75.05,75.05,0,0
1631274360,75.04,75.04,75.04,75.04,75.04,3,1
1631274420,75.04,75.04,75.04,75.04,75.04,0,0
1631274480,75.04,75.04,75.04,75.04,75.04,0,0
1631274540,75.04,75.04,75.04,75.04,75.04,0,0
1631274600,75.04,75.04,75.04,75.04,75.04,0,0
1631274660,75.04,75.04,75.04,75.04,75.04,0,0
1631274720,75.04,75.04,75.04,75.04,75.04,0,0
1631274780,75.04,75.04,75.04,75.04,75.04,0,0
1631274840,75.04,75.04,75.04,75.04,75.04,0,0
1631274900,75.04,75.04,75.04,75.04,75.04,0,0
1631274960,75.05,75.05,75.05,75.05,75.05,1,1
1631275020,75.05,75.05,75.05,75.05,75.05,0,0
1631275080,75.05,75.05,75.05,75.05,75.05,0,0
1631275140,75.05,75.05,75.05,75.05,75.05,0,0
1631275200,75.1,75.18,75.09,75.1,75.133,56,10
1631275260,75.09,75.09,75.09,75.09,75.09,1,1
1631275320,75.09,75.09,75.09,75.09,75.09,0,0
1631275380,75.09,75.09,75.09,75.09,75.09,0,0
1631275440,75.09,75.09,75.09,75.09,75.09,0,0
1631275500,75.09,75.09,75.09,75.09,75.09,0,0
1631275560,75.15,75.15,75.15,75.15,75.15,1,1
1631275620,75.15,75.15,75.15,75.15,75.15,0,0
1631275680,75.15,75.15,75.15,75.15,75.15,0,0
1631275740,75.15,75.15,75.15,75.15,75.15,0,0
1631275800,75.1,75.11,75.1,75.1,75.1,1,1
1631275860,75.1,75.1,75.1,75.1,75.1,0,0
1631275920,75.1,75.1,75.1,75.1,75.1,1,1
1631275980,75.1,75.1,75.1,75.1,75.1,0,0
1631276040,75.1,75.1,75.1,75.1,75.1,0,0
1631276100,75.1,75.1,75.1,75.1,75.1,0,0
1631276160,75.1,75.15,75.1,75.15,75.135,16,3
1631276220,75.15,75.15,75.15,75.15,75.15,8,2
1631276280,75.15,75.15,75.15,75.15,75.15,0,0
1631276340,75.15,75.15,75.15,75.15,75.15,0,0
1631276400,75.15,75.15,75.15,75.15,75.15,0,0
1631276460,75.15,75.15,75.15,75.15,75.15,0,0
1631276520,75.15,75.15,75.15,75.15,75.15,0,0
1631276580,75.15,75.15,75.15,75.15,75.15,0,0
1631276640,75.15,75.15,75.15,75.15,75.15,0,0
1631276700,75.15,75.15,75.15,75.15,75.15,0,0
1631276760,75.15,75.15,75.15,75.15,75.15,0,0
1631276820,75.15,75.15,75.15,75.15,75.15,1,1
1631276880,75.15,75.15,75.15,75.15,75.15,0,0
1631276940,75.14,75.15,75.14,75.15,75.147,8,2
1631277000,75.15,75.15,75.15,75.15,75.15,1,1
1631277060,75.15,75.16,75.15,75.16,75.159,12,4
1631277120,75.16,75.16,75.16,75.16,75.16,0,0
1631277180,75.16,75.16,75.16,75.16,75.16,0,0
1631277240,75.17,75.17,75.17,75.17,75.17,1,1
1631277300,75.17,75.17,75.17,75.17,75.17,0,0
1631277360,75.17,75.17,75.17,75.17,75.17,0,0
1631277420,75.17,75.17,75.17,75.17,75.17,0,0
1631277480,75.17,75.17,75.17,75.17,75.17,2,1
1631277540,75.17,75.17,75.17,75.17,75.17,0,0
1631277600,75.17,75.17,75.17,75.17,75.17,0,0
1631277660,75.17,75.17,75.17,75.17,75.17,0,0
1631277720,75.17,75.17,75.17,75.17,75.17,0,0
1631277780,75.17,75.17,75.17,75.17,75.17,0,0
1631277840,75.17,75.17,75.17,75.17,75.17,0,0
1631277900,75.17,75.17,75.17,75.17,75.17,0,0
1631277960,75.17,75.17,75.17,75.17,75.17,0,0
1631278020,75.17,75.17,75.17,75.17,75.17,0,0
1631278080,75.13,75.14,75.13,75.14,75.131,14,3
1631278140,75.14,75.17,75.14,75.17,75.16,2,2
1631278200,75.19,75.19,75.19,75.19,75.19,2,1
1631278260,75.19,75.19,75.19,75.19,75.19,0,0
1631278320,75.19,75.19,75.19,75.19,75.19,0,0
1631278380,75.17,75.17,75.17,75.17,75.17,4,2
1631278440,75.17,75.17,75.17,75.17,75.17,0,0
1631278500,75.17,75.17,75.17,75.17,75.17,0,0
1631278560,75.17,75.17,75.17,75.17,75.17,0,0
1631278620,75.1,75.1,75.1,75.1,75.1,3,1
1631278680,75.1,75.1,75.1,75.1,75.1,0,0
1631278740,75.1,75.1,75.1,75.1,75.1,0,0
1631278800,75.1,75.1,75.1,75.1,75.1,0,0
1631278860,75.1,75.1,75.1,75.1,75.1,0,0
1631278920,75.1,75.1,75.1,75.1,75.1,0,0
1631278980,75.1,75.1,75.1,75.1,75.1,1,1
1631279040,75.1,75.1,75.1,75.1,75.1,0,0
1631279100,75.14,75.14,75.14,75.14,75.14,1,1
1631279160,75.14,75.14,75.14,75.14,75.14,0,0
1631279220,75.14,75.14,75.14,75.14,75.14,0,0
1631279280,75.14,75.14,75.14,75.14,75.14,0,0
1631279340,75.14,75.14,75.14,75.14,75.14,0,0
1631279400,75.14,75.14,75.14,75.14,75.14,1,1
1631279460,75.14,75.14,75.14,75.14,75.14,0,0
1631279520,75.14,75.14,75.14,75.14,75.14,0,0
1631279580,75.14,75.14,75.14,75.14,75.14,4,2
1631279640,75.14,75.14,75.14,75.14,75.14,6,4
1631279700,75.14,75.19,75.14,75.19,75.173,7,2
1631279760,75.22,75.25,75.2,75.2,75.217,11,4
1631279820,75.2,75.2,75.2,75.2,75.2,0,0
1631279880,75.2,75.2,75.2,75.2,75.2,0,0
1631279940,75.2,75.2,75.2,75.2,75.2,0,0
1631280000,75.2,75.2,75.2,75.2,75.2,0,0
1631280060,75.2,75.2,75.2,75.2,75.2,0,0
1631280120,75.2,75.2,75.2,75.2,75.2,0,0
1631280180,75.25,75.25,75.25,75.25,75.25,12,3
1631280240,75.25,75.25,75.25,75.25,75.25,0,0
1631280300,75.25,75.25,75.25,75.25,75.25,7,2
1631280360,75.25,75.25,75.25,75.25,75.25,0,0
1631280420,75.25,75.25,75.25,75.25,75.25,0,0
1631280480,75.3,75.3,75.3,75.3,75.3,2,1
1631280540,75.3,75.3,75.28,75.28,75.294,14,9
1631280600,75.25,75.35,75.23,75.29,75.312,1201,113
1631280660,75.27,75.54,75.1,75.45,75.35,463,195
1631280720,75.38,75.99,75.38,75.98,75.766,1512,488
1631280780,75.99,75.99,75.55,75.71,75.779,555,247
1631280840,75.74,75.77,75.45,75.59,75.605,497,283
1631280900,75.6,75.6,75.35,75.49,75.501,518,272
1631280960,75.51,75.6,75.41,75.45,75.524,326,165
1631281020,75.44,75.45,75.32,75.36,75.37,364,171
1631281080,75.35,75.43,75.03,75.07,75.234,682,301
1631281140,75.09,75.18,75.01,75.13,75.092,438,197
1631281200,75.15,75.37,75.12,75.37,75.257,594,199
1631281260,75.37,75.53,75.36,75.44,75.458,300,165
1631281320,75.45,75.62,75.45,75.62,75.579,527,143
1631281380,75.59,75.64,75.37,75.4,75.575,229,146
1631281440,75.38,75.44,75.22,75.26,75.354,463,155
1631281500,75.26,75.6,75.25,75.5,75.462,300,158
1631281560,75.52,75.59,75.43,75.44,75.515,200,88
1631281620,75.45,75.47,75.35,75.4,75.403,158,84
1631281680,75.41,75.48,75.31,75.4,75.419,188,119
1631281740,75.42,75.43,75.28,75.37,75.355,173,90
1631281800,75.37,75.43,75.28,75.4,75.356,148,87
1631281860,75.43,75.52,75.42,75.45,75.479,151,111
1631281920,75.45,75.48,75.34,75.4,75.409,185,89
1631281980,75.4,75.43,75.29,75.29,75.349,277,76
1631282040,75.28,75.31,75.15,75.2,75.225,189,80
1631282100,75.17,75.26,75.05,75.23,75.162,256,115
1631282160,75.24,75.33,75.13,75.22,75.242,181,105
1631282220,75.18,75.35,75.17,75.35,75.258,212,83
1631282280,75.39,75.41,75.28,75.32,75.355,190,98
1631282340,75.32,75.39,75.26,75.38,75.319,197,78
1631282400,75.4,75.47,75.22,75.25,75.345,200,91
1631282460,75.26,75.38,75.23,75.37,75.289,137,69
1631282520,75.37,75.38,75.04,75.06,75.228,340,120
1631282580,75.06,75.1,74.9,75.0,74.985,471,181
1631282640,75.0,75.0,74.79,74.8,74.853,287,92
1631282700,74.8,74.82,74.75,74.79,74.782,129,55
1631282760,74.8,74.87,74.78,74.87,74.834,390,112
1631282820,74.87,74.92,74.79,74.9,74.885,95,41
1631282880,74.87,74.89,74.81,74.85,74.851,161,53
1631282940,74.88,74.9,74.8,74.8,74.833,83,55
1631283000,74.83,74.95,74.8,74.95,74.868,87,43
1631283060,74.96,75.11,74.91,75.11,74.983,211,91
1631283120,75.14,75.14,75.02,75.12,75.102,246,125
1631283180,75.15,75.28,75.1,75.27,75.162,127,62
1631283240,75.28,75.35,75.18,75.23,75.277,195,98
1631283300,75.22,75.28,75.18,75.18,75.239,119,65
1631283360,75.16,75.18,75.04,75.12,75.104,63,35
1631283420,75.12,75.14,75.06,75.1,75.104,90,53
1631283480,75.13,75.16,75.07,75.1,75.108,344,51
1631283540,75.08,75.11,74.98,74.98,75.063,166,92
1631283600,74.97,74.99,74.96,74.98,74.967,101,27
1631283660,74.98,74.99,74.94,74.98,74.963,59,31
1631283720,74.99,74.99,74.87,74.87,74.929,102,58
1631283780,74.85,74.87,74.79,74.82,74.824,170,96
1631283840,74.81,74.89,74.81,74.86,74.841,112,56
1631283900,74.87,74.94,74.82,74.85,74.865,172,86
1631283960,74.83,74.94,74.82,74.94,74.879,74,48
1631284020,74.92,75.08,74.92,75.04,75.023,142,85
1631284080,75.04,75.19,75.04,75.19,75.142,230,88
1631284140,75.16,75.17,75.04,75.07,75.076,273,108
1631284200,75.04,75.09,74.88,74.89,75.019,112,66
1631284260,74.9,74.9,74.7,74.7,74.791,187,75
1631284320,74.68,74.75,74.55,74.59,74.668,341,139
1631284380,74.57,74.67,74.53,74.55,74.575,356,129
1631284440,74.55,74.71,74.55,74.67,74.616,129,64
1631284500,74.65,74.71,74.6,74.7,74.656,168,57
1631284560,74.72,74.84,74.69,74.84,74.754,318,137
1631284620,74.84,74.85,74.79,74.82,74.818,143,77
1631284680,74.82,74.91,74.8,74.88,74.869,183,71
1631284740,74.9,74.96,74.89,74.9,74.928,154,80
1631284800,74.9,74.92,74.83,74.83,74.87,43,37
1631284860,74.8,74.84,74.76,74.83,74.806,67,38
1631284920,74.82,74.89,74.81,74.89,74.867,150,51
1631284980,74.87,74.97,74.86,74.92,74.9,160,81
1631285040,74.91,74.96,74.9,74.95,74.946,108,51
1631285100,74.98,74.98,74.75,74.77,74.862,147,95
1631285160,74.78,74.91,74.77,74.91,74.824,62,30
1631285220,74.93,75.15,74.93,75.1,75.068,246,120
1631285280,75.12,75.12,75.03,75.05,75.084,268,110
1631285340,75.04,75.04,74.92,74.95,74.969,163,81
1631285400,74.98,75.1,74.97,75.03,75.022,101,58
1631285460,75.03,75.08,75.01,75.08,75.037,58,43
1631285520,75.07,75.08,74.98,75.08,75.033,85,60
1631285580,75.07,75.22,75.06,75.2,75.108,137,65
1631285640,75.22,75.25,75.15,75.18,75.216,265,93
1631285700,75.12,75.18,75.0,75.18,75.079,223,137
1631285760,75.17,75.36,75.17,75.24,75.245,223,111
1631285820,75.25,75.37,75.25,75.31,75.332,144,77
1631285880,75.28,75.36,75.27,75.36,75.302,97,41
1631285940,75.35,75.37,75.27,75.31,75.328,110,65
1631286000,75.31,75.34,75.11,75.12,75.256,189,87
1631286060,75.14,75.31,75.13,75.29,75.212,197,95
1631286120,75.28,75.29,75.19,75.27,75.245,137,63
1631286180,75.26,75.37,75.26,75.28,75.329,123,74
1631286240,75.3,75.32,75.27,75.28,75.297,92,52
1631286300,75.3,75.35,75.28,75.33,75.316,121,78
1631286360,75.34,75.4,75.32,75.38,75.36,103,70
1631286420,75.36,75.4,75.35,75.36,75.367,110,73
1631286480,75.36,75.38,75.27,75.37,75.33,178,114
1631286540,75.37,75.39,75.31,75.36,75.36,86,59
1631286600,75.37,75.39,75.32,75.38,75.359,71,47
1631286660,75.39,75.42,75.36,75.37,75.397,158,79
1631286720,75.38,75.45,75.35,75.4,75.419,183,97
1631286780,75.37,75.46,75.37,75.44,75.42,103,51
1631286840,75.44,75.49,75.35,75.49,75.412,149,78
1631286900,75.49,75.51,75.43,75.45,75.487,279,114
1631286960,75.44,75.48,75.41,75.48,75.442,80,50
1631287020,75.5,75.59,75.43,75.59,75.54,434,130
1631287080,75.6,75.6,75.44,75.47,75.517,232,102
1631287140,75.48,75.49,75.36,75.41,75.447,208,71
1631287200,75.41,75.58,75.41,75.56,75.512,141,80
1631287260,75.55,75.58,75.51,75.54,75.548,124,56
1631287320,75.55,75.59,75.5,75.58,75.541,165,58
1631287380,75.57,75.62,75.55,75.61,75.582,152,74
1631287440,75.62,75.72,75.6,75.68,75.663,140,63
1631287500,75.7,75.75,75.63,75.7,75.703,313,126
1631287560,75.69,75.72,75.62,75.7,75.666,177,88
1631287620,75.72,75.72,75.63,75.67,75.692,196,52
1631287680,75.66,75.75,75.65,75.69,75.707,88,49
1631287740,75.68,75.69,75.44,75.44,75.558,324,135
1631287800,75.47,75.51,75.44,75.47,75.479,159,65
1631287860,75.49,75.54,75.46,75.47,75.509,99,49
1631287920,75.48,75.48,75.27,75.36,75.358,278,192
1631287980,75.38,75.41,75.33,75.4,75.385,168,90
1631288040,75.4,75.43,75.35,75.4,75.396,197,111
1631288100,75.42,75.49,75.39,75.48,75.445,137,72
1631288160,75.49,75.49,75.45,75.48,75.468,43,36
1631288220,75.47,75.48,75.43,75.48,75.45,51,35
1631288280,75.47,75.49,75.45,75.48,75.482,29,25
1631288340,75.49,75.54,75.44,75.49,75.492,89,46
1631288400,75.48,75.5,75.39,75.43,75.439,163,88
1631288460,75.43,75.49,75.43,75.44,75.46,118,51
1631288520,75.45,75.48,75.39,75.43,75.457,408,135
1631288580,75.45,75.55,75.44,75.55,75.495,27,17
1631288640,75.54,75.6,75.45,75.6,75.512,117,62
1631288700,75.55,75.6,75.5,75.52,75.548,217,85
1631288760,75.54,75.62,75.54,75.61,75.583,116,66
1631288820,75.62,75.68,75.59,75.64,75.63,188,122
1631288880,75.64,75.76,75.61,75.74,75.699,580,284
1631288940,75.7,75.72,75.52,75.55,75.608,144,81
1631289000,75.56,75.8,75.56,75.67,75.718,391,197
1631289060,75.67,75.67,75.51,75.58,75.551,138,54
1631289120,75.58,75.63,75.5,75.56,75.572,138,69
1631289180,75.55,75.59,75.38,75.51,75.501,2771,344
1631289240,75.51,75.51,75.37,75.41,75.428,218,111
1631289300,75.4,75.44,75.39,75.43,75.419,81,34
1631289360,75.45,75.55,75.45,75.5,75.504,49,27
1631289420,75.48,75.52,75.41,75.41,75.471,122,51
1631289480,75.43,75.45,75.41,75.43,75.432,55,30
1631289540,75.42,75.42,75.28,75.28,75.368,385,44
1631289600,75.3,75.33,74.96,75.1,75.14,675,256
1631289660,75.07,75.17,74.99,75.17,75.071,143,87
1631289720,75.1,75.29,75.09,75.28,75.234,71,31
1631289780,75.29,75.29,75.15,75.17,75.223,701,165
1631289840,75.18,75.18,75.05,75.05,75.108,109,71
1631289900,75.12,75.27,75.12,75.27,75.184,50,27
1631289960,75.27,75.35,75.24,75.34,75.284,49,24
1631290020,75.33,75.48,75.33,75.42,75.433,128,62
1631290080,75.44,75.49,75.42,75.48,75.448,125,90
1631290140,75.49,75.54,75.49,75.54,75.516,116,61
1631290200,75.54,75.59,75.43,75.45,75.513,142,65
1631290260,75.46,75.6,75.46,75.56,75.567,152,78
1631290320,75.55,75.59,75.49,75.57,75.529,80,44
1631290380,75.59,75.59,75.54,75.57,75.566,338,94
1631290440,75.58,75.6,75.54,75.59,75.574,89,53
1631290500,75.58,75.63,75.58,75.6,75.606,149,60
1631290560,75.6,75.68,75.52,75.67,75.587,172,69
1631290620,75.68,75.68,75.62,75.65,75.66,209,120
1631290680,75.66,75.68,75.63,75.64,75.667,93,46
1631290740,75.63,75.65,75.54,75.57,75.603,227,83
1631290800,75.58,75.7,75.58,75.63,75.674,167,98
1631290860,75.64,75.65,75.56,75.57,75.61,30,22
1631290920,75.6,75.64,75.59,75.64,75.611,88,35
1631290980,75.65,75.67,75.63,75.64,75.646,97,44
1631291040,75.64,75.65,75.61,75.64,75.633,39,20
1631291100,75.65,75.66,75.59,75.59,75.636,57,29
1631291160,75.6,75.67,75.59,75.66,75.631,116,33
1631291220,75.66,75.82,75.66,75.77,75.76,790,281
1631291280,75.78,75.78,75.63,75.68,75.684,349,155
1631291340,75.67,75.74,75.64,75.69,75.677,108,57
1631291400,75.7,75.74,75.66,75.7,75.709,99,41
1631291460,75.69,75.79,75.67,75.77,75.734,91,52
1631291520,75.77,75.78,75.66,75.68,75.724,105,45
1631291580,75.67,75.75,75.66,75.71,75.715,127,64
1631291640,75.73,75.77,75.7,75.77,75.744,66,42
1631291700,75.77,75.78,75.73,75.77,75.765,142,66
1631291760,75.75,75.8,75.7,75.7,75.739,146,80
1631291820,75.69,75.77,75.69,75.74,75.742,71,34
1631291880,75.77,75.77,75.73,75.73,75.747,69,42
1631291940,75.74,75.78,75.72,75.72,75.758,131,45
1631292000,75.72,75.72,75.6,75.61,75.656,70,47
1631292060,75.62,75.66,75.6,75.66,75.635,73,41
1631292120,75.68,75.7,75.65,75.66,75.681,225,70
1631292180,75.64,75.67,75.64,75.66,75.656,64,44
1631292240,75.67,75.7,75.67,75.67,75.679,61,37
1631292300,75.67,75.69,75.65,75.69,75.663,36,26
1631292360,75.69,75.71,75.66,75.7,75.699,793,37
1631292420,75.69,75.71,75.68,75.69,75.701,80,60
1631292480,75.69,75.69,75.65,75.67,75.672,83,42
1631292540,75.67,75.74,75.66,75.7,75.705,181,88
1631292600,75.69,75.7,75.64,75.65,75.659,71,37
1631292660,75.65,75.67,75.62,75.62,75.653,55,33
1631292720,75.64,75.65,75.6,75.6,75.634,43,29
1631292780,75.63,75.65,75.57,75.62,75.624,186,94
1631292840,75.63,75.63,75.56,75.57,75.582,123,25
1631292900,75.56,75.63,75.55,75.63,75.579,147,72
1631292960,75.63,75.7,75.62,75.63,75.658,101,74
1631293020,75.63,75.67,75.63,75.67,75.651,71,37
1631293080,75.66,75.7,75.65,75.7,75.678,65,42
1631293140,75.7,75.7,75.66,75.67,75.677,49,33
1631293200,75.67,75.68,75.63,75.64,75.657,38,31
1631293260,75.64,75.64,75.55,75.58,75.591,127,57
1631293320,75.59,75.65,75.59,75.65,75.617,46,31
1631293380,75.69,75.69,75.66,75.69,75.68,89,38
1631293440,75.68,75.69,75.65,75.69,75.67,85,48
1631293500,75.67,75.67,75.63,75.63,75.653,67,41
1631293560,75.63,75.63,75.56,75.58,75.611,126,31
1631293620,75.57,75.62,75.56,75.58,75.569,123,41
1631293680,75.59,75.64,75.58,75.59,75.614,46,33
1631293740,75.59,75.6,75.53,75.56,75.561,180,87
1631293800,75.6,75.66,75.59,75.64,75.631,68,51
1631293860,75.64,75.68,75.64,75.67,75.665,29,24
1631293920,75.67,75.69,75.6,75.64,75.638,81,36
1631293980,75.65,75.72,75.65,75.72,75.679,104,53
1631294040,75.72,75.78,75.7,75.7,75.741,301,85
1631294100,75.71,75.72,75.69,75.69,75.708,76,30
1631294160,75.69,75.72,75.68,75.68,75.709,85,44
1631294220,75.68,75.69,75.66,75.66,75.675,79,31
1631294280,75.68,75.69,75.6,75.6,75.64,106,42
1631294340,75.62,75.66,75.61,75.65,75.64,101,37
1631294400,75.65,75.65,75.48,75.54,75.538,542,145
1631294460,75.54,75.56,75.52,75.52,75.537,91,55
1631294520,75.53,75.53,75.44,75.45,75.5,209,81
1631294580,75.45,75.45,75.42,75.44,75.43,85,61
1631294640,75.42,75.46,75.41,75.45,75.431,143,33
1631294700,75.45,75.45,75.38,75.4,75.41,69,33
1631294760,75.4,75.44,75.37,75.38,75.398,168,46
1631294820,75.38,75.42,75.36,75.42,75.382,94,49
1631294880,75.41,75.46,75.4,75.4,75.439,106,54
1631294940,75.41,75.45,75.4,75.44,75.423,44,27
1631295000,75.44,75.44,75.36,75.38,75.391,92,52
1631295060,75.38,75.41,75.37,75.38,75.384,72,39
1631295120,75.4,75.43,75.36,75.39,75.406,351,41
1631295180,75.4,75.43,75.4,75.42,75.409,76,45
1631295240,75.42,75.51,75.42,75.51,75.469,132,66
1631295300,75.5,75.56,75.46,75.47,75.52,83,56
1631295360,75.46,75.46,75.43,75.43,75.442,22,17
1631295420,75.41,75.44,75.38,75.39,75.414,72,49
1631295480,75.39,75.39,75.33,75.37,75.357,129,88
1631295540,75.36,75.37,75.31,75.33,75.354,192,42
1631295600,75.33,75.34,75.3,75.31,75.326,92,58
1631295660,75.32,75.39,75.31,75.39,75.343,98,65
1631295720,75.38,75.39,75.35,75.36,75.371,105,53
1631295780,75.35,75.39,75.34,75.38,75.363,146,75
1631295840,75.39,75.45,75.39,75.39,75.405,62,33
1631295900,75.39,75.42,75.36,75.38,75.381,92,64
1631295960,75.36,75.48,75.36,75.45,75.438,57,36
1631296020,75.47,75.49,75.42,75.48,75.457,91,65
1631296080,75.46,75.5,75.44,75.5,75.488,79,39
1631296140,75.49,75.49,75.43,75.44,75.458,118,45
1631296200,75.44,75.53,75.43,75.53,75.49,55,26
1631296260,75.54,75.64,75.53,75.64,75.569,132,73
1631296320,75.62,75.62,75.53,75.58,75.582,152,68
1631296380,75.57,75.57,75.54,75.54,75.554,17,15
1631296440,75.56,75.65,75.54,75.63,75.598,57,48
1631296500,75.62,75.62,75.53,75.55,75.572,90,32
1631296560,75.55,75.59,75.55,75.57,75.571,169,57
1631296620,75.59,75.6,75.57,75.59,75.585,62,46
1631296680,75.59,75.65,75.57,75.57,75.622,94,56
1631296740,75.59,75.59,75.53,75.53,75.561,51,29
1631296800,75.53,75.55,75.52,75.54,75.532,84,57
1631296860,75.54,75.56,75.53,75.54,75.55,74,56
1631296920,75.55,75.56,75.51,75.56,75.544,67,47
1631296980,75.56,75.6,75.56,75.58,75.587,299,86
1631297040,75.57,75.57,75.5,75.5,75.528,103,66
1631297100,75.52,75.55,75.52,75.55,75.537,66,48
1631297160,75.55,75.57,75.54,75.56,75.561,40,25
1631297220,75.55,75.55,75.48,75.5,75.524,64,55
1631297280,75.5,75.53,75.49,75.51,75.507,62,49
1631297340,75.5,75.52,75.45,75.46,75.489,79,50
1631297400,75.46,75.5,75.45,75.48,75.479,73,55
1631297460,75.47,75.53,75.46,75.53,75.488,203,70
1631297520,75.53,75.53,75.45,75.47,75.499,85,69
1631297580,75.48,75.52,75.48,75.52,75.502,72,48
1631297640,75.51,75.53,75.49,75.51,75.512,85,64
1631297700,75.51,75.53,75.5,75.52,75.515,66,45
1631297760,75.52,75.52,75.48,75.49,75.503,50,40
1631297820,75.48,75.52,75.48,75.52,75.506,63,38
1631297880,75.5,75.5,75.45,75.47,75.48,48,30
1631297940,75.48,75.49,75.34,75.36,75.432,160,79
1631298000,75.37,75.43,75.37,75.43,75.399,124,75
1631298060,75.44,75.44,75.38,75.4,75.406,73,43
1631298120,75.41,75.45,75.41,75.44,75.436,62,38
1631298180,75.45,75.45,75.4,75.41,75.423,53,27
1631298240,75.43,75.49,75.43,75.45,75.464,77,45
1631298300,75.47,75.48,75.45,75.46,75.467,45,28
1631298360,75.47,75.5,75.46,75.48,75.487,84,44
1631298420,75.48,75.52,75.47,75.5,75.501,148,42
1631298480,75.5,75.5,75.46,75.46,75.477,19,16
1631298540,75.45,75.47,75.37,75.38,75.435,133,87
1631298600,75.38,75.39,75.33,75.34,75.365,78,47
1631298660,75.32,75.33,75.25,75.25,75.294,183,145
1631298720,75.26,75.27,75.17,75.17,75.212,184,99
1631298780,75.18,75.23,75.15,75.17,75.175,125,78
1631298840,75.17,75.23,75.13,75.15,75.19,110,76
1631298900,75.14,75.22,75.13,75.17,75.177,108,40
1631298960,75.17,75.23,75.15,75.22,75.188,172,78
1631299020,75.21,75.22,75.2,75.21,75.207,68,51
1631299080,75.21,75.21,75.18,75.2,75.193,184,59
1631299140,75.21,75.23,75.18,75.22,75.205,175,72
1631299200,75.22,75.23,75.16,75.16,75.204,50,40
1631299260,75.15,75.23,75.12,75.23,75.165,132,56
1631299320,75.23,75.23,75.18,75.22,75.209,110,49
1631299380,75.23,75.25,75.21,75.22,75.228,169,53
1631299440,75.24,75.25,75.22,75.25,75.239,59,37
1631299500,75.24,75.26,75.22,75.22,75.242,139,60
1631299560,75.22,75.3,75.21,75.29,75.254,110,56
1631299620,75.28,75.29,75.24,75.24,75.275,61,41
1631299680,75.25,75.26,75.23,75.24,75.246,81,46
1631299740,75.25,75.31,75.25,75.31,75.284,45,27
1631299800,75.29,75.31,75.26,75.29,75.286,149,91
1631299860,75.3,75.32,75.28,75.28,75.297,110,42
1631299920,75.28,75.33,75.27,75.33,75.293,139,37
1631299980,75.33,75.33,75.27,75.27,75.311,83,52
1631300040,75.28,75.29,75.27,75.28,75.279,92,64
1631300100,75.26,75.29,75.24,75.24,75.27,97,64
1631300160,75.24,75.26,75.23,75.26,75.247,57,35
1631300220,75.26,75.26,75.12,75.13,75.2,487,147
1631300280,75.14,75.22,75.14,75.22,75.172,162,88
1631300340,75.22,75.28,75.2,75.26,75.24,152,93
1631300400,75.27,75.3,75.25,75.27,75.274,103,66
1631300460,75.26,75.26,75.21,75.23,75.245,323,97
1631300520,75.23,75.25,75.2,75.2,75.22,171,91
1631300580,75.2,75.21,75.18,75.2,75.204,72,44
1631300640,75.2,75.21,75.12,75.16,75.162,108,67
1631300700,75.16,75.24,75.15,75.24,75.201,81,36
1631300760,75.22,75.26,75.2,75.2,75.237,156,85
1631300820,75.19,75.21,75.17,75.2,75.199,215,68
1631300880,75.2,75.21,75.17,75.18,75.183,48,33
1631300940,75.17,75.2,75.13,75.2,75.168,96,68
1631301000,75.21,75.21,75.16,75.17,75.185,87,53
1631301060,75.18,75.18,75.05,75.06,75.13,232,160
1631301120,75.06,75.06,74.97,74.99,75.0,438,216
1631301180,74.99,75.01,74.88,74.88,74.945,160,88
1631301240,74.88,74.97,74.84,74.96,74.892,246,121
1631301300,74.95,74.97,74.92,74.94,74.936,94,54
1631301360,74.95,74.97,74.9,74.94,74.931,232,130
1631301420,74.95,75.01,74.93,74.97,74.978,142,85
1631301480,74.97,74.98,74.87,74.88,74.902,162,55
1631301540,74.85,74.87,74.77,74.8,74.822,213,95
1631301600,74.82,74.86,74.8,74.8,74.821,131,74
1631301660,74.79,74.83,74.79,74.83,74.814,108,70
1631301720,74.83,74.85,74.81,74.82,74.834,112,73
1631301780,74.81,74.82,74.65,74.65,74.731,306,147
1631301840,74.66,74.75,74.65,74.67,74.711,269,146
1631301900,74.67,74.72,74.66,74.69,74.693,139,85
1631301960,74.68,74.74,74.67,74.74,74.687,239,133
1631302020,74.74,74.74,74.63,74.64,74.683,118,71
1631302080,74.63,74.67,74.53,74.55,74.612,290,160
1631302140,74.53,74.56,74.4,74.43,74.472,372,183
1631302200,74.44,74.45,74.43,74.45,74.444,159,97
1631302260,74.45,74.48,74.43,74.47,74.454,134,97
1631302320,74.47,74.5,74.45,74.48,74.478,197,107
1631302380,74.48,74.57,74.46,74.51,74.503,147,112
1631302440,74.51,74.52,74.49,74.52,74.506,108,74
1631302500,74.5,74.52,74.45,74.46,74.481,307,129
1631302560,74.45,74.48,74.42,74.42,74.452,251,147
1631302620,74.42,74.52,74.4,74.46,74.444,280,156
1631302680,74.46,74.48,74.42,74.47,74.457,120,81
1631302740,74.47,74.49,74.45,74.47,74.466,163,111
1631302800,74.46,74.52,74.44,74.5,74.491,226,148
1631302860,74.49,74.49,74.43,74.46,74.466,358,140
1631302920,74.45,74.58,74.44,74.46,74.513,579,314
1631302980,74.45,74.5,74.44,74.49,74.481,275,159
1631303040,74.48,74.49,74.38,74.44,74.43,358,204
1631303100,74.44,74.53,74.43,74.52,74.469,183,128
1631303160,74.52,74.57,74.47,74.49,74.513,264,145
1631303220,74.5,74.54,74.5,74.54,74.519,168,103
1631303280,74.53,74.53,74.45,74.5,74.491,222,132
1631303340,74.51,74.57,74.41,74.42,74.482,336,186
1631303400,74.42,74.43,74.27,74.33,74.338,1209,580
1631303460,74.33,74.4,74.32,74.38,74.369,459,261
1631303520,74.39,74.45,74.35,74.45,74.377,307,171
1631303580,74.45,74.53,74.44,74.51,74.492,441,246
1631303640,74.51,74.55,74.46,74.51,74.507,402,255
1631303700,74.5,74.53,74.43,74.52,74.491,534,325
1631303760,74.51,74.52,74.42,74.44,74.461,569,289
1631303820,74.44,74.44,74.34,74.38,74.379,800,352
1631303880,74.37,74.42,74.37,74.42,74.387,635,321
1631303940,74.42,74.53,74.41,74.51,74.475,1438,600
1631304000,74.5,74.5,74.5,74.5,74.5,2185,6
1631304060,74.5,74.5,74.5,74.5,74.5,21,6
1631304120,74.5,74.5,74.5,74.5,74.5,0,0
1631304180,74.5,74.5,74.5,74.5,74.5,0,0
1631304240,74.5,74.5,74.5,74.5,74.5,0,0
1631304300,74.5,74.5,74.5,74.5,74.5,0,0
1631304360,74.33,74.33,74.33,74.33,74.33,3,2
1631304420,74.5,74.53,74.49,74.5,74.515,27,7
1631304480,74.5,74.5,74.5,74.5,74.5,7,2
1631304540,74.5,74.5,74.5,74.5,74.5,0,0
1631304600,74.5,74.5,74.5,74.5,74.5,0,0
1631304660,74.5,74.5,74.5,74.5,74.5,0,0
1631304720,74.38,74.38,74.38,74.38,74.38,1,1
1631304780,74.33,74.33,74.32,74.32,74.327,9,5
1631304840,74.32,74.32,74.32,74.32,74.32,0,0
1631304900,74.33,74.33,74.32,74.32,74.325,2,2
1631304960,74.4,74.4,74.39,74.39,74.395,2,2
1631305020,74.41,74.41,74.4,74.4,74.403,9,4
1631305080,74.4,74.4,74.4,74.4,74.4,0,0
1631305140,74.4,74.4,74.4,74.4,74.4,0,0
1631305200,74.48,74.48,74.48,74.48,74.48,10,3
1631305260,74.5,74.5,74.49,74.5,74.497,12,5
1631305320,74.5,74.5,74.5,74.5,74.5,0,0
1631305380,74.49,74.5,74.41,74.41,74.488,9,4
1631305440,74.6,74.6,74.6,74.6,74.6,1,1
1631305500,74.6,74.6,74.6,74.6,74.6,0,0
1631305560,74.6,74.6,74.6,74.6,74.6,0,0
1631305620,74.6,74.6,74.6,74.6,74.6,0,0
1631305680,74.6,74.6,74.6,74.6,74.6,0,0
1631305740,74.6,74.6,74.6,74.6,74.6,0,0
1631305800,74.6,74.6,74.6,74.6,74.6,0,0
1631305860,74.6,74.6,74.6,74.6,74.6,0,0
1631305920,74.6,74.6,74.6,74.6,74.6,0,0
1631305980,74.6,74.6,74.6,74.6,74.6,0,0
1631306040,74.6,74.6,74.6,74.6,74.6,0,0
1631306100,74.6,74.6,74.6,74.6,74.6,0,0
1631306160,74.6,74.6,74.6,74.6,74.6,0,0
1631306220,74.6,74.6,74.6,74.6,74.6,0,0
1631306280,74.6,74.6,74.6,74.6,74.6,0,0
1631306340,74.49,74.49,74.49,74.49,74.49,1,1
1631306400,74.49,74.49,74.49,74.49,74.49,0,0
1631306460,74.49,74.49,74.49,74.49,74.49,0,0
1631306520,74.49,74.49,74.49,74.49,74.49,0,0
1631306580,74.49,74.49,74.49,74.49,74.49,0,0
1631306640,74.43,74.43,74.43,74.43,74.43,2,1
1631306700,74.43,74.43,74.43,74.43,74.43,0,0
1631306760,74.43,74.43,74.43,74.43,74.43,0,0
1631306820,74.43,74.43,74.43,74.43,74.43,0,0
1631306880,74.43,74.43,74.43,74.43,74.43,0,0
1631306940,74.43,74.43,74.43,74.43,74.43,0,0
1631307000,74.43,74.43,74.43,74.43,74.43,0,0
1631307060,74.43,74.43,74.43,74.43,74.43,0,0
1631307120,74.43,74.43,74.43,74.43,74.43,0,0
1631307180,74.43,74.43,74.43,74.43,74.43,0,0
1631307240,74.43,74.43,74.43,74.43,74.43,0,0
1631307300,74.43,74.43,74.43,74.43,74.43,0,0
1631307360,74.43,74.43,74.43,74.43,74.43,0,0
1631307420,74.43,74.43,74.43,74.43,74.43,0,0
1631307480,74.43,74.43,74.43,74.43,74.43,0,0
1631307540,74.43,74.43,74.43,74.43,74.43,0,0
1631307600,74.43,74.43,74.43,74.43,74.43,2,1
1631307660,74.43,74.43,74.43,74.43,74.43,0,0
1631307720,74.44,74.44,74.44,74.44,74.44,1,1
1631307780,74.43,74.43,74.43,74.43,74.43,1,1
1631307840,74.43,74.43,74.43,74.43,74.43,0,0
1631307900,74.43,74.43,74.43,74.43,74.43,0,0
1631307960,74.43,74.43,74.43,74.43,74.43,0,0
1631308020,74.43,74.43,74.43,74.43,74.43,0,0
1631308080,74.43,74.45,74.43,74.44,74.442,4,3
1631308140,74.44,74.44,74.44,74.44,74.44,0,0
1631308200,74.44,74.44,74.44,74.44,74.44,0,0
1631308260,74.44,74.44,74.44,74.44,74.44,0,0
1631308320,74.44,74.44,74.44,74.44,74.44,0,0
1631308380,74.44,74.44,74.44,74.44,74.44,0,0
1631308440,74.44,74.44,74.44,74.44,74.44,0,0
1631308500,74.44,74.44,74.44,74.44,74.44,3,1
1631308560,74.44,74.44,74.44,74.44,74.44,0,0
1631308620,74.45,74.48,74.45,74.48,74.463,2,2
1631308680,74.48,74.48,74.48,74.48,74.48,0,0
1631308740,74.48,74.48,74.48,74.48,74.48,0,0
1631308800,74.4,74.4,74.4,74.4,74.4,1,1
1631308860,74.4,74.4,74.4,74.4,74.4,0,0
1631308920,74.4,74.4,74.4,74.4,74.4,0,0
1631308980,74.4,74.4,74.4,74.4,74.4,0,0
1631309040,74.4,74.4,74.4,74.4,74.4,0,0
1631309100,74.39,74.39,74.39,74.39,74.39,3,2
1631309160,74.39,74.39,74.39,74.39,74.39,0,0
1631309220,74.39,74.39,74.32,74.32,74.37,23,10
1631309280,74.32,74.32,74.32,74.32,74.32,0,0
1631309340,74.32,74.32,74.32,74.32,74.32,0,0
1631309400,74.32,74.32,74.32,74.32,74.32,0,0
1631309460,74.32,74.32,74.32,74.32,74.32,0,0
1631309520,74.32,74.32,74.32,74.32,74.32,0,0
1631309580,74.32,74.32,74.32,74.32,74.32,0,0
1631309640,74.32,74.32,74.32,74.32,74.32,0,0
1631309700,74.32,74.32,74.32,74.32,74.32,0,0
1631309760,74.32,74.32,74.32,74.32,74.32,0,0
1631309820,74.32,74.32,74.32,74.32,74.32,0,0
1631309880,74.32,74.32,74.32,74.32,74.32,0,0
1631309940,74.32,74.32,74.32,74.32,74.32,0,0
1631310000,74.32,74.32,74.32,74.32,74.32,0,0
1631310060,74.32,74.32,74.32,74.32,74.32,0,0
1631310120,74.32,74.32,74.32,74.32,74.32,0,0
1631310180,74.32,74.32,74.32,74.32,74.32,0,0
1631310240,74.32,74.32,74.32,74.32,74.32,0,0
1631310300,74.32,74.32,74.32,74.32,74.32,0,0
1631310360,74.32,74.32,74.32,74.32,74.32,0,0
1631310420,74.32,74.32,74.32,74.32,74.32,0,0
1631310480,74.32,74.32,74.32,74.32,74.32,0,0
1631310540,74.32,74.32,74.32,74.32,74.32,0,0
1631310600,74.32,74.32,74.32,74.32,74.32,0,0
1631310660,74.32,74.32,74.32,74.32,74.32,0,0
1631310720,74.32,74.32,74.32,74.32,74.32,0,0
1631310780,74.32,74.32,74.32,74.32,74.32,0,0
1631310840,74.32,74.32,74.32,74.32,74.32,0,0
1631310900,74.32,74.32,74.32,74.32,74.32,0,0
1631310960,74.32,74.32,74.32,74.32,74.32,0,0
1631311020,74.32,74.32,74.32,74.32,74.32,0,0
1631311080,74.32,74.32,74.32,74.32,74.32,1,1
1631311140,74.32,74.32,74.32,74.32,74.32,0,0
1631311200,74.32,74.32,74.32,74.32,74.32,0,0
1631311260,74.32,74.32,74.32,74.32,74.32,0,0
1631311320,74.32,74.32,74.32,74.32,74.32,0,0
1631311380,74.32,74.32,74.32,74.32,74.32,0,0
1631311440,74.32,74.32,74.32,74.32,74.32,0,0
1631311500,74.32,74.32,74.32,74.32,74.32,0,0
1631311560,74.32,74.32,74.32,74.32,74.32,0,0
1631311620,74.32,74.32,74.32,74.32,74.32,0,0
1631311680,74.32,74.32,74.32,74.32,74.32,0,0
1631311740,74.32,74.32,74.32,74.32,74.32,0,0
1631311800,74.32,74.32,74.32,74.32,74.32,0,0
1631311860,74.32,74.32,74.32,74.32,74.32,0,0
1631311920,74.32,74.32,74.32,74.32,74.32,0,0
1631311980,74.32,74.32,74.32,74.32,74.32,0,0
1631312040,74.32,74.32,74.32,74.32,74.32,0,0
1631312100,74.32,74.32,74.32,74.32,74.32,0,0
1631312160,74.33,74.33,74.32,74.32,74.324,8,3
1631312220,74.32,74.32,74.32,74.32,74.32,0,0
1631312280,74.32,74.32,74.32,74.32,74.32,3,1
1631312340,74.32,74.32,74.32,74.32,74.32,2,1
1631312400,74.32,74.32,74.32,74.32,74.32,0,0
1631312460,74.32,74.32,74.32,74.32,74.32,0,0
1631312520,74.32,74.32,74.32,74.32,74.32,0,0
1631312580,74.32,74.32,74.32,74.32,74.32,0,0
1631312640,74.32,74.32,74.32,74.32,74.32,0,0
1631312700,74.32,74.32,74.32,74.32,74.32,0,0
1631312760,74.32,74.32,74.32,74.32,74.32,0,0
1631312820,74.32,74.32,74.32,74.32,74.32,0,0
1631312880,74.32,74.32,74.32,74.32,74.32,0,0
1631312940,74.32,74.32,74.32,74.32,74.32,0,0
1631313000,74.32,74.32,74.32,74.32,74.32,0,0
1631313060,74.32,74.32,74.32,74.32,74.32,0,0
1631313120,74.32,74.32,74.32,74.32,74.32,0,0
1631313180,74.32,74.32,74.32,74.32,74.32,0,0
1631313240,74.32,74.32,74.32,74.32,74.32,0,0
1631313300,74.32,74.32,74.32,74.32,74.32,0,0
1631313360,74.32,74.32,74.32,74.32,74.32,0,0
1631313420,74.32,74.32,74.32,74.32,74.32,0,0
1631313480,74.32,74.32,74.32,74.32,74.32,0,0
1631313540,74.32,74.32,74.32,74.32,74.32,0,0
1631313600,74.32,74.32,74.32,74.32,74.32,0,0
1631313660,74.32,74.32,74.32,74.32,74.32,0,0
1631313720,74.32,74.32,74.32,74.32,74.32,0,0
1631313780,74.32,74.32,74.32,74.32,74.32,0,0
1631313840,74.32,74.32,74.32,74.32,74.32,0,0
1631313900,74.32,74.32,74.32,74.32,74.32,0,0
1631313960,74.32,74.32,74.32,74.32,74.32,0,0
1631314020,74.32,74.32,74.32,74.32,74.32,0,0
1631314080,74.32,74.32,74.32,74.32,74.32,0,0
1631314140,74.32,74.32,74.32,74.32,74.32,0,0
1631314200,74.38,74.38,74.38,74.38,74.38,4,1
1631314260,74.38,74.38,74.38,74.38,74.38,0,0
1631314320,74.38,74.38,74.38,74.38,74.38,0,0
1631314380,74.32,74.32,74.32,74.32,74.32,2,1
1631314440,74.32,74.32,74.32,74.32,74.32,0,0
1631314500,74.32,74.32,74.32,74.32,74.32,0,0
1631314560,74.32,74.32,74.32,74.32,74.32,0,0
1631314620,74.32,74.32,74.32,74.32,74.32,0,0
1631314680,74.32,74.32,74.32,74.32,74.32,0,0
1631314740,74.32,74.32,74.32,74.32,74.32,0,0
1631314800,74.32,74.32,74.32,74.32,74.32,0,0
1631314860,74.32,74.32,74.32,74.32,74.32,0,0
1631314920,74.32,74.32,74.32,74.32,74.32,0,0
1631314980,74.32,74.32,74.32,74.32,74.32,0,0
1631315040,74.32,74.32,74.32,74.32,74.32,0,0
1631315100,74.32,74.32,74.32,74.32,74.32,0,0
1631315160,74.32,74.32,74.32,74.32,74.32,0,0
1631315220,74.32,74.32,74.32,74.32,74.32,0,0
1631315280,74.33,74.33,74.32,74.32,74.328,5,2
1631315340,74.31,74.31,74.31,74.31,74.31,1,1
1631315400,74.31,74.31,74.31,74.31,74.31,0,0
1631315460,74.31,74.31,74.31,74.31,74.31,0,0
1631315520,74.31,74.31,74.31,74.31,74.31,0,0
1631315580,74.31,74.31,74.31,74.31,74.31,0,0
1631315640,74.31,74.31,74.31,74.31,74.31,0,0
1631315700,74.31,74.31,74.31,74.31,74.31,0,0
1631315760,74.31,74.31,74.31,74.31,74.31,0,0
1631315820,74.31,74.31,74.31,74.31,74.31,0,0
1631315880,74.31,74.31,74.31,74.31,74.31,0,0
1631315940,74.31,74.31,74.31,74.31,74.31,0,0
1631316000,74.31,74.31,74.31,74.31,74.31,0,0
1631316060,74.31,74.31,74.31,74.31,74.31,0,0
1631316120,74.31,74.31,74.31,74.31,74.31,0,0
1631316180,74.31,74.31,74.31,74.31,74.31,0,0
1631316240,74.31,74.31,74.31,74.31,74.31,0,0
1631316300,74.29,74.29,74.29,74.29,74.29,3,1
1631316360,74.29,74.29,74.29,74.29,74.29,0,0
1631316420,74.29,74.29,74.29,74.29,74.29,0,0
1631316480,74.29,74.29,74.29,74.29,74.29,3,1
1631316540,74.29,74.29,74.29,74.29,74.29,0,0
1631316600,74.29,74.29,74.29,74.29,74.29,0,0
1631316660,74.29,74.29,74.29,74.29,74.29,0,0
1631316720,74.29,74.29,74.29,74.29,74.29,0,0
1631316780,74.29,74.29,74.29,74.29,74.29,0,0
1631316840,74.3,74.3,74.3,74.3,74.3,3,1
1631316900,74.3,74.3,74.3,74.3,74.3,0,0
1631316960,74.3,74.3,74.3,74.3,74.3,16,1
1631317020,74.3,74.3,74.3,74.3,74.3,0,0
1631317080,74.3,74.3,74.3,74.3,74.3,0,0
1631317140,74.21,74.21,74.21,74.21,74.21,8,2
1631317200,74.21,74.21,74.21,74.21,74.21,0,0
1631317260,74.21,74.21,74.21,74.21,74.21,0,0
1631317320,74.21,74.21,74.21,74.21,74.21,0,0
1631317380,74.21,74.21,74.21,74.21,74.21,0,0
1631317440,74.21,74.21,74.21,74.21,74.21,0,0
1631317500,74.21,74.21,74.21,74.21,74.21,0,0
1631317560,74.21,74.21,74.21,74.21,74.21,0,0
1631317620,74.25,74.25,74.25,74.25,74.25,4,2
1631317680,74.25,74.25,74.25,74.25,74.25,0,0
1631317740,74.25,74.25,74.25,74.25,74.25,0,0
1631317800,74.25,74.25,74.25,74.25,74.25,0,0
1631317860,74.25,74.25,74.25,74.25,74.25,0,0
1631317920,74.25,74.25,74.25,74.25,74.25,0,0
1631317980,74.25,74.25,74.25,74.25,74.25,0,0
1631318040,74.2,74.2,74.2,74.2,74.2,5,2
1631318100,74.2,74.2,74.2,74.2,74.2,0,0
1631318160,74.2,74.2,74.2,74.2,74.2,0,0
1631318220,74.2,74.2,74.2,74.2,74.2,0,0
1631318280,74.2,74.28,74.2,74.28,74.248,4,2
1631318340,74.25,74.3,74.25,74.3,74.275,7,3
1631520120,75.03,75.03,75.03,75.03,75.03,2,1
1631520180,75.03,75.03,75.03,75.03,75.03,0,0
1631520240,74.6,74.6,74.6,74.6,74.6,5,2
1631520300,74.6,74.6,74.6,74.6,74.6,0,0
1631520360,74.6,74.6,74.6,74.6,74.6,0,0
1631520420,74.6,74.6,74.6,74.6,74.6,0,0
1631520480,74.6,74.6,74.6,74.6,74.6,0,0
1631520540,74.6,74.6,74.6,74.6,74.6,0,0
1631520600,74.6,74.6,74.6,74.6,74.6,0,0
1631520660,74.6,74.6,74.6,74.6,74.6,0,0
1631520720,74.6,74.6,74.6,74.6,74.6,0,0
1631520780,74.6,74.6,74.6,74.6,74.6,0,0
1631520840,74.6,74.6,74.6,74.6,74.6,0,0
1631520900,74.6,74.6,74.6,74.6,74.6,0,0
1631520960,74.6,74.6,74.6,74.6,74.6,0,0
1631521020,74.61,74.61,74.61,74.61,74.61,1,1
1631521080,74.61,74.61,74.61,74.61,74.61,0,0
1631521140,74.61,74.61,74.61,74.61,74.61,0,0
1631521200,74.61,74.61,74.61,74.61,74.61,0,0
1631521260,74.61,74.61,74.61,74.61,74.61,0,0
1631521320,74.61,74.61,74.61,74.61,74.61,0,0
1631521380,74.61,74.61,74.61,74.61,74.61,0,0
1631521440,74.61,74.61,74.61,74.61,74.61,0,0
1631521500,74.61,74.61,74.61,74.61,74.61,0,0
1631521560,74.61,74.61,74.61,74.61,74.61,0,0
1631521620,74.61,74.61,74.61,74.61,74.61,0,0
1631521680,74.61,74.61,74.61,74.61,74.61,0,0
1631521740,74.61,74.61,74.61,74.61,74.61,0,0
1631521800,75.01,75.01,75.01,75.01,75.01,1,1
1631521860,75.01,75.01,75.01,75.01,75.01,0,0
1631521920,75.01,75.01,75.01,75.01,75.01,0,0
1631521980,75.01,75.01,75.01,75.01,75.01,0,0
1631522040,75.01,75.01,75.01,75.01,75.01,0,0
1631522100,75.01,75.01,75.01,75.01,75.01,0,0
1631522160,75.01,75.01,75.01,75.01,75.01,0,0
1631522220,75.01,75.01,75.01,75.01,75.01,0,0
1631522280,75.01,75.01,75.01,75.01,75.01,0,0
1631522340,75.01,75.01,75.01,75.01,75.01,0,0
1631522400,75.01,75.01,75.01,75.01,75.01,0,0
1631522460,75.01,75.01,75.01,75.01,75.01,0,0
1631522520,75.01,75.01,75.01,75.01,75.01,0,0
1631522580,75.01,75.01,75.01,75.01,75.01,0,0
1631522640,75.01,75.01,75.01,75.01,75.01,0,0
1631522700,75.01,75.01,75.01,75.01,75.01,0,0
1631522760,75.01,75.01,75.01,75.01,75.01,0,0
1631522820,75.01,75.01,75.01,75.01,75.01,0,0
1631522880,75.01,75.01,75.01,75.01,75.01,0,0
1631522940,75.04,75.09,75.04,75.09,75.078,7,2
1631523000,75.09,75.09,75.09,75.09,75.09,0,0
1631523060,75.09,75.09,75.09,75.09,75.09,0,0
1631523120,75.09,75.09,75.09,75.09,75.09,0,0
1631523180,75.09,75.09,75.09,75.09,75.09,0,0
1631523240,75.09,75.09,75.09,75.09,75.09,0,0
1631523300,75.09,75.09,75.09,75.09,75.09,0,0
1631523360,75.06,75.06,75.06,75.06,75.06,2,1
1631523420,75.06,75.06,75.06,75.06,75.06,0,0
1631523480,75.03,75.03,75.03,75.03,75.03,1,1
1631523540,75.03,75.03,75.03,75.03,75.03,0,0
1631523600,75.03,75.03,75.03,75.03,75.03,0,0
1631523660,75.03,75.03,75.03,75.03,75.03,0,0
1631523720,75.09,75.09,75.09,75.09,75.09,1,1
1631523780,75.09,75.09,75.09,75.09,75.09,0,0
1631523840,75.09,75.09,75.09,75.09,75.09,0,0
1631523900,75.09,75.09,75.09,75.09,75.09,0,0
1631523960,75.09,75.09,75.09,75.09,75.09,0,0
1631524020,75.09,75.09,75.09,75.09,75.09,0,0
1631524080,75.09,75.09,75.09,75.09,75.09,0,0
1631524140,75.09,75.09,75.09,75.09,75.09,0,0
1631524200,75.09,75.09,75.09,75.09,75.09,0,0
1631524260,75.24,75.24,75.24,75.24,75.24,2,2
1631524320,75.24,75.24,75.24,75.24,75.24,0,0
1631524380,75.24,75.24,75.24,75.24,75.24,0,0
1631524440,75.22,75.22,75.22,75.22,75.22,1,1
1631524500,75.22,75.22,75.22,75.22,75.22,0,0
1631524560,75.22,75.22,75.22,75.22,75.22,0,0
1631524620,75.22,75.22,75.22,75.22,75.22,0,0
1631524680,75.22,75.22,75.22,75.22,75.22,0,0
1631524740,75.22,75.22,75.22,75.22,75.22,0,0
1631524800,75.22,75.22,75.22,75.22,75.22,0,0
1631524860,75.22,75.22,75.22,75.22,75.22,0,0
1631524920,75.22,75.22,75.22,75.22,75.22,0,0
1631524980,75.22,75.22,75.22,75.22,75.22,0,0
1631525040,75.22,75.22,75.22,75.22,75.22,0,0
1631525100,75.22,75.22,75.22,75.22,75.22,0,0
1631525160,75.22,75.22,75.22,75.22,75.22,0,0
1631525220,75.22,75.22,75.22,75.22,75.22,0,0
1631525280,75.22,75.22,75.22,75.22,75.22,0,0
1631525340,75.22,75.22,75.22,75.22,75.22,0,0
1631525400,75.22,75.22,75.22,75.22,75.22,0,0
1631525460,75.22,75.22,75.22,75.22,75.22,0,0
1631525520,75.22,75.22,75.22,75.22,75.22,0,0
1631525580,75.22,75.22,75.22,75.22,75.22,0,0
1631525640,75.22,75.22,75.22,75.22,75.22,0,0
1631525700,75.22,75.22,75.22,75.22,75.22,0,0
1631525760,75.22,75.22,75.22,75.22,75.22,0,0
1631525820,75.24,75.24,75.24,75.24,75.24,1,1
1631525880,75.24,75.24,75.24,75.24,75.24,0,0
1631525940,75.24,75.24,75.24,75.24,75.24,1,1
1631526000,75.24,75.24,75.24,75.24,75.24,0,0
1631526060,75.24,75.24,75.24,75.24,75.24,0,0
1631526120,75.24,75.24,75.24,75.24,75.24,0,0
1631526180,75.24,75.24,75.24,75.24,75.24,0,0
1631526240,75.24,75.24,75.24,75.24,75.24,1,1
1631526300,75.24,75.24,75.24,75.24,75.24,0,0
1631526360,75.24,75.24,75.24,75.24,75.24,0,0
1631526420,75.24,75.24,75.24,75.24,75.24,0,0
1631526480,75.24,75.24,75.24,75.24,75.24,0,0
1631526540,75.24,75.24,75.24,75.24,75.24,0,0
1631526600,75.24,75.24,75.24,75.24,75.24,0,0
1631526660,75.24,75.24,75.24,75.24,75.24,1,1
1631526720,75.24,75.24,75.24,75.24,75.24,0,0
1631526780,75.24,75.24,75.24,75.24,75.24,0,0
1631526840,75.24,75.24,75.24,75.24,75.24,0,0
1631526900,75.24,75.24,75.24,75.24,75.24,0,0
1631526960,75.24,75.24,75.24,75.24,75.24,0,0
1631527020,75.24,75.24,75.24,75.24,75.24,0,0
1631527080,75.24,75.24,75.24,75.24,75.24,0,0
1631527140,75.24,75.24,75.24,75.24,75.24,0,0
1631527200,75.24,75.24,75.24,75.24,75.24,0,0
1631527260,75.24,75.24,75.24,75.24,75.24,0,0
1631527320,75.24,75.24,75.24,75.24,75.24,0,0
1631527380,75.24,75.24,75.24,75.24,75.24,0,0
1631527440,75.24,75.24,75.24,75.24,75.24,0,0
1631527500,75.24,75.24,75.24,75.24,75.24,0,0
1631527560,75.24,75.24,75.24,75.24,75.24,0,0
1631527620,75.24,75.24,75.24,75.24,75.24,0,0
1631527680,75.24,75.24,75.24,75.24,75.24,0,0
1631527740,75.24,75.24,75.24,75.24,75.24,0,0
1631527800,75.24,75.24,75.24,75.24,75.24,0,0
1631527860,75.24,75.24,75.24,75.24,75.24,0,0
1631527920,75.24,75.24,75.24,75.24,75.24,0,0
1631527980,75.24,75.24,75.24,75.24,75.24,0,0
1631528040,75.24,75.24,75.24,75.24,75.24,0,0
1631528100,75.24,75.24,75.24,75.24,75.24,0,0
1631528160,75.24,75.24,75.24,75.24,75.24,0,0
1631528220,75.24,75.24,75.24,75.24,75.24,0,0
1631528280,75.24,75.24,75.24,75.24,75.24,0,0
1631528340,75.24,75.24,75.24,75.24,75.24,0,0
1631528400,75.24,75.24,75.24,75.24,75.24,0,0
1631528460,75.05,75.05,75.03,75.03,75.039,17,3
1631528520,75.03,75.03,75.03,75.03,75.03,0,0
1631528580,75.03,75.03,75.03,75.03,75.03,0,0
1631528640,75.03,75.03,75.03,75.03,75.03,0,0
1631528700,75.03,75.03,75.03,75.03,75.03,0,0
1631528760,75.03,75.03,75.03,75.03,75.03,0,0
1631528820,75.03,75.03,75.03,75.03,75.03,0,0
1631528880,75.03,75.03,75.03,75.03,75.03,0,0
1631528940,75.03,75.03,75.03,75.03,75.03,0,0
1631529000,75.03,75.03,75.03,75.03,75.03,0,0
1631529060,75.03,75.03,75.03,75.03,75.03,0,0
1631529120,75.03,75.03,75.03,75.03,75.03,0,0
1631529180,75.03,75.03,75.03,75.03,75.03,0,0
1631529240,75.03,75.03,75.03,75.03,75.03,0,0
1631529300,75.03,75.03,75.03,75.03,75.03,0,0
1631529360,75.03,75.03,75.03,75.03,75.03,0,0
1631529420,75.03,75.03,75.03,75.03,75.03,0,0
1631529480,75.03,75.03,75.03,75.03,75.03,0,0
1631529540,75.03,75.03,75.03,75.03,75.03,0,0
1631529600,75.06,75.06,75.06,75.06,75.06,2,2
1631529660,75.06,75.06,75.06,75.06,75.06,0,0
1631529720,75.06,75.06,75.06,75.06,75.06,0,0
1631529780,75.06,75.06,75.06,75.06,75.06,0,0
1631529840,75.06,75.06,75.06,75.06,75.06,0,0
1631529900,75.06,75.06,75.06,75.06,75.06,0,0
1631529960,75.06,75.06,75.06,75.06,75.06,0,0
1631530020,75.06,75.06,75.06,75.06,75.06,0,0
1631530080,75.06,75.06,75.06,75.06,75.06,0,0
1631530140,75.06,75.06,75.06,75.06,75.06,0,0
1631530200,75.06,75.06,75.06,75.06,75.06,0,0
1631530260,75.06,75.06,75.06,75.06,75.06,0,0
1631530320,75.06,75.06,75.06,75.06,75.06,0,0
1631530380,75.06,75.06,75.06,75.06,75.06,0,0
1631530440,75.06,75.06,75.06,75.06,75.06,0,0
1631530500,75.2,75.2,75.2,75.2,75.2,1,1
1631530560,75.2,75.2,75.2,75.2,75.2,0,0
1631530620,75.2,75.2,75.2,75.2,75.2,0,0
1631530680,75.2,75.2,75.2,75.2,75.2,0,0
1631530740,75.2,75.2,75.2,75.2,75.2,0,0
1631530800,75.2,75.2,75.2,75.2,75.2,1,1
1631530860,75.2,75.2,75.2,75.2,75.2,0,0
1631530920,75.2,75.2,75.2,75.2,75.2,0,0
1631530980,75.2,75.2,75.2,75.2,75.2,0,0
1631531040,75.2,75.2,75.2,75.2,75.2,0,0
1631531100,75.2,75.2,75.2,75.2,75.2,0,0
1631531160,75.2,75.2,75.2,75.2,75.2,0,0
1631531220,75.2,75.2,75.2,75.2,75.2,0,0
1631531280,75.2,75.2,75.2,75.2,75.2,0,0
1631531340,75.2,75.2,75.2,75.2,75.2,0,0
1631531400,75.2,75.2,75.2,75.2,75.2,0,0
1631531460,75.2,75.2,75.2,75.2,75.2,0,0
1631531520,75.2,75.2,75.2,75.2,75.2,0,0
1631531580,75.2,75.2,75.2,75.2,75.2,0,0
1631531640,75.2,75.2,75.2,75.2,75.2,0,0
1631531700,75.2,75.2,75.2,75.2,75.2,0,0
1631531760,75.2,75.2,75.2,75.2,75.2,0,0
1631531820,75.2,75.2,75.2,75.2,75.2,0,0
1631531880,75.2,75.2,75.2,75.2,75.2,0,0
1631531940,75.2,75.2,75.2,75.2,75.2,0,0
1631532000,75.2,75.2,75.2,75.2,75.2,0,0
1631532060,75.33,75.33,75.33,75.33,75.33,2,2
1631532120,75.33,75.33,75.33,75.33,75.33,0,0
1631532180,75.33,75.33,75.33,75.33,75.33,0,0
1631532240,75.3,75.3,75.3,75.3,75.3,2,1
1631532300,75.3,75.3,75.3,75.3,75.3,0,0
1631532360,75.3,75.3,75.3,75.3,75.3,0,0
1631532420,75.3,75.3,75.3,75.3,75.3,0,0
1631532480,75.3,75.3,75.3,75.3,75.3,0,0
1631532540,75.3,75.3,75.3,75.3,75.3,0,0
1631532600,75.33,75.33,75.33,75.33,75.33,3,1
1631532660,75.33,75.33,75.33,75.33,75.33,0,0
1631532720,75.33,75.33,75.33,75.33,75.33,0,0
1631532780,75.33,75.33,75.33,75.33,75.33,0,0
1631532840,75.33,75.33,75.33,75.33,75.33,0,0
1631532900,75.35,75.35,75.35,75.35,75.35,1,1
1631532960,75.35,75.35,75.35,75.35,75.35,0,0
1631533020,75.35,75.35,75.35,75.35,75.35,0,0
1631533080,75.35,75.35,75.35,75.35,75.35,0,0
1631533140,75.35,75.35,75.35,75.35,75.35,0,0
1631533200,75.35,75.35,75.35,75.35,75.35,0,0
1631533260,75.35,75.35,75.35,75.35,75.35,0,0
1631533320,75.35,75.35,75.35,75.35,75.35,0,0
1631533380,75.35,75.35,75.35,75.35,75.35,0,0
1631533440,75.35,75.35,75.35,75.35,75.35,0,0
1631533500,75.35,75.35,75.35,75.35,75.35,0,0
1631533560,75.35,75.35,75.35,75.35,75.35,0,0
1631533620,75.35,75.35,75.35,75.35,75.35,0,0
1631533680,75.35,75.35,75.35,75.35,75.35,0,0
1631533740,75.35,75.35,75.35,75.35,75.35,0,0
1631533800,75.35,75.35,75.35,75.35,75.35,0,0
1631533860,75.33,75.33,75.33,75.33,75.33,1,1
1631533920,75.29,75.29,75.29,75.29,75.29,3,2
1631533980,75.29,75.29,75.29,75.29,75.29,0,0
1631534040,75.29,75.29,75.29,75.29,75.29,0,0
1631534100,75.29,75.29,75.29,75.29,75.29,0,0
1631534160,75.29,75.29,75.29,75.29,75.29,0,0
1631534220,75.29,75.29,75.29,75.29,75.29,0,0
1631534280,75.29,75.29,75.29,75.29,75.29,0,0
1631534340,75.28,75.28,75.28,75.28,75.28,7,2
1631534400,75.3,75.35,75.11,75.32,75.32,113,18
1631534460,75.32,75.32,75.32,75.32,75.32,0,0
1631534520,75.32,75.32,75.32,75.32,75.32,5,1
1631534580,75.32,75.32,75.3,75.31,75.314,11,5
1631534640,75.32,75.32,75.32,75.32,75.32,2,1
1631534700,75.32,75.32,75.32,75.32,75.32,0,0
1631534760,75.32,75.32,75.32,75.32,75.32,0,0
1631534820,75.32,75.32,75.32,75.32,75.32,0,0
1631534880,75.32,75.33,75.32,75.33,75.324,4,3
1631534940,75.34,75.34,75.32,75.33,75.332,19,5
1631535000,75.33,75.33,75.33,75.33,75.33,0,0
1631535060,75.34,75.34,75.34,75.34,75.34,12,2
1631535120,75.34,75.34,75.34,75.34,75.34,2,1
1631535180,75.31,75.31,75.31,75.31,75.31,5,1
1631535240,75.34,75.34,75.34,75.34,75.34,2,2
1631535300,75.33,75.37,75.33,75.34,75.34,274,14
1631535360,75.34,75.34,75.34,75.34,75.34,0,0
1631535420,75.43,75.43,75.39,75.39,75.405,16,2
1631535480,75.39,75.39,75.39,75.39,75.39,0,0
1631535540,75.44,75.44,75.44,75.44,75.44,4,1
1631535600,75.44,75.44,75.44,75.44,75.44,1,1
1631535660,75.44,75.44,75.44,75.44,75.44,0,0
1631535720,75.44,75.44,75.44,75.44,75.44,0,0
1631535780,75.44,75.44,75.44,75.44,75.44,0,0
1631535840,75.44,75.44,75.44,75.44,75.44,0,0
1631535900,75.44,75.44,75.44,75.44,75.44,0,0
1631535960,75.47,75.5,75.44,75.5,75.475,32,11
1631536020,75.57,75.57,75.57,75.57,75.57,5,2
1631536080,75.57,75.57,75.57,75.57,75.57,0,0
1631536140,75.64,76.12,75.64,76.0,75.96,159,30
1631536200,76.0,76.24,75.86,76.17,76.032,38,14
1631536260,76.0,76.24,76.0,76.24,76.13,31,9
1631536320,76.15,76.15,76.15,76.15,76.15,9,2
1631536380,76.19,76.2,76.19,76.2,76.196,3,3
1631536440,76.1,76.18,76.1,76.18,76.163,44,5
1631536500,76.19,76.19,76.1,76.1,76.182,11,2
1631536560,76.1,76.1,76.1,76.1,76.1,3,2
1631536620,76.1,76.1,76.1,76.1,76.1,14,3
1631536680,76.05,76.09,76.05,76.05,76.059,4,3
1631536740,76.05,76.09,76.05,76.06,76.057,7,3
1631536800,76.09,76.09,76.05,76.05,76.065,2,2
1631536860,76.05,76.05,76.05,76.05,76.05,22,5
1631536920,76.05,76.06,76.05,76.06,76.058,12,2
1631536980,76.06,76.08,76.02,76.08,76.05,35,11
1631537040,76.08,76.09,76.08,76.09,76.09,23,3
1631537100,76.03,76.03,76.03,76.03,76.03,1,1
1631537160,76.03,76.03,76.03,76.03,76.03,0,0
1631537220,75.9,75.9,75.9,75.9,75.9,1,1
1631537280,75.95,75.98,75.88,75.88,75.926,16,7
1631537340,75.93,75.93,75.93,75.93,75.93,1,1
1631537400,75.88,75.88,75.88,75.88,75.88,1,1
1631537460,75.89,75.89,75.89,75.89,75.89,1,1
1631537520,75.88,75.88,75.88,75.88,75.88,3,2
1631537580,75.86,75.86,75.8,75.8,75.818,4,3
1631537640,75.6,75.6,75.6,75.6,75.6,2,1
1631537700,75.7,75.7,75.7,75.7,75.7,6,2
1631537760,75.6,75.7,75.6,75.7,75.625,3,2
1631537820,75.7,75.7,75.7,75.7,75.7,2,2
1631537880,75.7,75.7,75.7,75.7,75.7,0,0
1631537940,75.75,75.75,75.75,75.75,75.75,2,1
1631538000,75.75,75.8,75.75,75.75,75.774,24,10
1631538060,75.9,75.9,75.65,75.65,75.751,33,7
1631538120,75.7,75.7,75.68,75.7,75.697,7,6
1631538180,75.7,75.7,75.7,75.7,75.7,15,3
1631538240,75.7,75.7,75.7,75.7,75.7,26,7
1631538300,75.7,75.7,75.7,75.7,75.7,1,1
1631538360,75.7,75.7,75.7,75.7,75.7,0,0
1631538420,75.7,75.7,75.69,75.7,75.7,11,2
1631538480,75.7,75.7,75.65,75.65,75.66,5,3
1631538540,75.65,75.65,75.65,75.65,75.65,0,0
1631538600,75.65,75.8,75.65,75.8,75.709,12,5
1631538660,75.8,75.8,75.8,75.8,75.8,0,0
1631538720,75.66,75.66,75.66,75.66,75.66,4,4
1631538780,75.79,75.79,75.79,75.79,75.79,1,1
1631538840,75.75,75.75,75.75,75.75,75.75,1,1
1631538900,75.75,75.75,75.75,75.75,75.75,0,0
1631538960,75.65,75.65,75.65,75.65,75.65,8,1
1631539020,75.74,75.74,75.74,75.74,75.74,11,2
1631539080,75.65,75.74,75.65,75.74,75.711,5,5
1631539140,75.74,75.8,75.74,75.8,75.796,29,4
1631539200,75.8,75.8,75.8,75.8,75.8,0,0
1631539260,75.65,75.69,75.65,75.65,75.663,24,7
1631539320,75.69,75.69,75.69,75.69,75.69,1,1
1631539380,75.74,75.74,75.65,75.65,75.684,16,5
1631539440,75.67,75.71,75.67,75.71,75.7,17,6
1631539500,75.65,75.78,75.65,75.76,75.685,68,19
1631539560,75.78,75.8,75.7,75.7,75.77,7,5
1631539620,75.68,75.8,75.68,75.8,75.721,27,5
1631539680,75.66,75.66,75.65,75.65,75.65,81,15
1631539740,75.6,75.67,75.6,75.62,75.634,71,28
1631539800,75.61,75.61,75.46,75.51,75.543,214,93
1631539860,75.47,75.53,75.06,75.11,75.429,2078,157
1631539920,75.11,75.16,74.75,74.91,74.973,1106,524
1631539980,74.92,74.92,74.47,74.8,74.656,1417,471
1631540040,74.78,74.94,74.65,74.72,74.789,621,226
1631540100,74.74,74.78,74.27,74.3,74.524,694,312
1631540160,74.31,74.58,74.16,74.21,74.36,1115,318
1631540220,74.19,74.23,73.61,73.65,73.952,1594,375
1631540280,73.68,73.92,73.57,73.76,73.738,680,309
1631540340,73.72,73.72,73.27,73.3,73.434,874,323
1631540400,73.32,73.56,73.22,73.39,73.396,738,334
1631540460,73.42,73.53,73.29,73.37,73.415,457,214
1631540520,73.38,73.5,73.33,73.39,73.426,574,209
1631540580,73.4,73.43,72.28,72.42,72.806,2911,1246
1631540640,72.42,72.66,72.22,72.66,72.436,1091,482
1631540700,72.6,72.78,72.6,72.67,72.701,861,464
1631540760,72.66,72.72,72.22,72.33,72.538,1401,563
1631540820,72.31,72.59,72.21,72.57,72.384,798,331
1631540880,72.58,72.6,72.31,72.45,72.467,1012,541
1631540940,72.45,72.5,72.3,72.41,72.424,1311,522
1631541000,72.44,72.86,72.44,72.75,72.743,763,356
1631541060,72.75,72.87,72.6,72.84,72.731,749,430
1631541120,72.82,72.83,72.4,72.6,72.605,558,246
1631541180,72.59,72.83,72.59,72.79,72.724,472,275
1631541240,72.77,72.79,72.46,72.48,72.626,510,239
1631541300,72.45,72.53,72.05,72.15,72.249,966,568
1631541360,72.13,72.16,71.76,71.88,71.956,1121,526
1631541420,71.89,72.13,71.84,71.98,71.935,1242,454
1631541480,71.97,72.05,71.81,72.0,71.94,863,452
1631541540,72.0,72.14,71.98,72.13,72.045,1562,618
1631541600,72.13,72.15,71.97,72.15,72.042,558,265
1631541660,72.12,72.19,71.6,71.8,71.834,880,465
1631541720,71.81,71.99,71.7,71.75,71.87,798,249
1631541780,71.73,71.92,71.36,71.46,71.612,1803,892
1631541840,71.44,71.48,71.17,71.26,71.316,1142,530
1631541900,71.24,71.24,70.95,71.04,71.073,1276,491
1631541960,71.01,71.09,70.79,70.86,70.927,1209,575
1631542020,70.81,70.81,70.58,70.59,70.662,1397,649
1631542080,70.55,70.69,70.4,70.54,70.489,1497,542
1631542140,70.54,70.76,70.43,70.67,70.597,1376,541
1631542200,70.65,70.69,70.21,70.33,70.385,916,451
1631542260,70.31,70.34,70.15,70.27,70.222,873,356
1631542320,70.26,70.3,69.82,70.14,70.015,1693,751
1631542380,70.16,70.26,70.01,70.18,70.131,804,331
1631542440,70.17,70.27,70.11,70.19,70.208,594,319
1631542500,70.17,70.33,70.04,70.33,70.212,1056,493
1631542560,70.33,70.42,70.14,70.34,70.285,1079,495
1631542620,70.34,70.66,70.34,70.64,70.443,1158,548
1631542680,70.61,70.82,70.55,70.73,70.687,1559,624
1631542740,70.73,71.03,70.71,70.99,70.836,1051,514
1631542800,71.02,71.14,70.9,71.09,71.045,832,444
1631542860,71.06,71.19,71.04,71.13,71.113,794,408
1631542920,71.14,71.31,71.02,71.26,71.177,1268,582
1631542980,71.29,71.38,71.24,71.36,71.287,930,497
1631543040,71.34,71.36,71.15,71.25,71.286,950,442
1631543100,71.25,71.48,71.21,71.47,71.313,709,314
1631543160,71.45,71.6,71.36,71.45,71.502,1013,486
1631543220,71.46,71.47,71.31,71.36,71.383,556,285
1631543280,71.37,71.5,71.31,71.46,71.417,429,215
1631543340,71.44,71.57,71.33,71.56,71.493,444,233
1631543400,71.53,71.59,71.27,71.45,71.392,529,251
1631543460,71.43,71.44,71.22,71.23,71.296,601,304
1631543520,71.24,71.4,71.23,71.38,71.318,323,185
1631543580,71.35,71.54,71.3,71.52,71.424,460,187
1631543640,71.52,71.58,71.35,71.45,71.448,394,209
1631543700,71.45,71.48,71.33,71.42,71.416,278,167
1631543760,71.44,71.46,71.34,71.37,71.406,259,166
1631543820,71.39,71.7,71.38,71.66,71.608,580,292
1631543880,71.64,71.64,71.48,71.5,71.565,586,314
1631543940,71.5,71.52,71.35,71.39,71.433,479,247
1631544000,71.4,71.51,71.3,71.38,71.395,499,221
1631544060,71.39,71.42,71.32,71.4,71.374,1123,232
1631544120,71.39,71.4,71.24,71.28,71.345,814,285
1631544180,71.27,71.3,70.97,71.06,71.091,738,398
1631544240,71.07,71.51,71.04,71.48,71.31,750,393
1631544300,71.43,71.7,71.37,71.68,71.545,872,439
1631544360,71.68,71.76,71.56,71.68,71.695,496,245
1631544420,71.67,71.85,71.65,71.85,71.781,747,355
1631544480,71.83,72.0,71.82,71.97,71.913,1054,567
1631544540,71.94,72.06,71.72,71.73,71.924,876,362
1631544600,71.73,71.87,71.72,71.83,71.811,391,216
1631544660,71.84,71.97,71.8,71.9,71.866,394,173
1631544720,71.88,71.89,71.63,71.66,71.736,484,192
1631544780,71.69,71.78,71.64,71.64,71.718,309,125
1631544840,71.66,71.76,71.66,71.68,71.701,112,54
1631544900,71.69,71.76,71.67,71.73,71.721,166,84
1631544960,71.75,71.78,71.66,71.76,71.719,368,195
1631545020,71.76,71.97,71.74,71.94,71.864,478,222
1631545080,71.93,72.05,71.85,71.89,71.967,423,221
1631545140,71.89,72.16,71.88,72.15,72.017,654,331
1631545200,72.14,72.2,72.1,72.14,72.146,502,246
1631545260,72.12,72.25,72.05,72.13,72.159,527,252
1631545320,72.13,72.22,72.12,72.21,72.188,304,134
1631545380,72.21,72.21,72.06,72.1,72.133,244,107
1631545440,72.09,72.1,71.92,71.99,71.986,389,200
1631545500,71.99,72.02,71.86,71.9,71.971,433,237
1631545560,71.88,72.07,71.88,72.05,71.993,325,186
1631545620,72.06,72.32,72.05,72.27,72.235,789,348
1631545680,72.26,72.33,72.12,72.13,72.238,473,294
1631545740,72.11,72.13,71.85,72.0,71.975,543,289
1631545800,72.01,72.03,71.85,71.91,71.955,342,206
1631545860,71.93,72.07,71.93,72.05,71.998,132,63
1631545920,72.04,72.12,72.02,72.09,72.079,244,137
1631545980,72.09,72.11,71.8,71.82,71.941,456,214
1631546040,71.84,71.84,71.62,71.67,71.738,787,286
1631546100,71.67,71.69,71.47,71.59,71.547,804,296
1631546160,71.57,71.66,71.44,71.6,71.546,439,173
1631546220,71.6,71.66,71.56,71.66,71.606,250,109
1631546280,71.64,71.93,71.61,71.91,71.775,353,131
1631546340,71.92,71.92,71.81,71.89,71.877,277,145
1631546400,71.91,71.99,71.88,71.98,71.931,264,105
1631546460,71.97,72.04,71.92,72.04,71.964,248,116
1631546520,72.02,72.16,71.98,72.11,72.063,420,187
1631546580,72.13,72.16,72.05,72.13,72.112,244,85
1631546640,72.14,72.26,72.13,72.26,72.204,360,142
1631546700,72.25,72.25,72.08,72.13,72.14,262,147
1631546760,72.12,72.17,72.06,72.13,72.118,201,84
1631546820,72.14,72.14,72.08,72.14,72.111,210,91
1631546880,72.14,72.17,72.09,72.17,72.129,141,75
1631546940,72.17,72.29,72.11,72.13,72.209,234,116
1631547000,72.14,72.19,72.06,72.06,72.14,251,81
1631547060,72.07,72.08,72.04,72.04,72.053,163,66
1631547120,72.03,72.05,71.94,71.98,72.02,278,124
1631547180,71.99,72.05,71.98,71.99,72.006,204,115
1631547240,71.99,72.08,71.99,72.08,72.027,162,89
1631547300,72.08,72.13,72.03,72.08,72.092,184,96
1631547360,72.08,72.08,71.85,71.85,71.97,345,93
1631547420,71.84,71.87,71.72,71.74,71.798,399,185
1631547480,71.77,71.78,71.64,71.71,71.699,584,300
1631547540,71.72,71.76,71.66,71.74,71.713,646,281
1631547600,71.75,71.75,71.58,71.6,71.64,323,90
1631547660,71.59,71.6,71.35,71.36,71.445,629,210
1631547720,71.37,71.47,71.35,71.45,71.403,437,201
1631547780,71.46,71.5,71.42,71.5,71.472,454,140
1631547840,71.51,71.69,71.51,71.68,71.609,216,82
1631547900,71.71,71.95,71.67,71.9,71.78,218,90
1631547960,71.89,71.9,71.74,71.77,71.82,835,205
1631548020,71.76,71.76,71.56,71.59,71.631,159,64
1631548080,71.57,71.61,71.51,71.53,71.561,164,97
1631548140,71.55,71.55,71.4,71.43,71.477,287,103
1631548200,71.42,71.52,71.42,71.46,71.477,253,122
1631548260,71.46,71.47,71.4,71.44,71.446,111,67
1631548320,71.42,71.48,71.39,71.43,71.446,94,55
1631548380,71.44,71.46,71.38,71.41,71.427,222,76
1631548440,71.42,71.59,71.4,71.57,71.508,257,126
1631548500,71.56,71.58,71.44,71.46,71.517,328,150
1631548560,71.46,71.59,71.45,71.54,71.495,119,96
1631548620,71.54,71.58,71.49,71.55,71.535,104,57
1631548680,71.55,71.59,71.51,71.56,71.536,87,59
1631548740,71.57,71.64,71.51,71.54,71.576,99,45
1631548800,71.55,71.58,71.51,71.54,71.558,134,81
1631548860,71.58,71.71,71.58,71.63,71.649,125,63
1631548920,71.63,71.63,71.51,71.51,71.579,148,85
1631548980,71.5,71.51,71.41,71.46,71.45,487,168
1631549040,71.46,71.51,71.38,71.51,71.459,120,78
1631549100,71.55,71.7,71.53,71.66,71.612,167,62
1631549160,71.66,71.75,71.59,71.62,71.692,327,161
1631549220,71.62,71.69,71.61,71.61,71.644,138,55
1631549280,71.61,71.61,71.53,71.55,71.564,125,78
1631549340,71.56,71.6,71.52,71.6,71.568,99,68
1631549400,71.63,71.76,71.63,71.73,71.704,110,49
1631549460,71.75,71.81,71.72,71.75,71.778,157,64
1631549520,71.76,71.86,71.71,71.76,71.771,189,76
1631549580,71.75,71.77,71.74,71.75,71.756,53,27
1631549640,71.76,71.81,71.73,71.78,71.771,80,51
1631549700,71.77,71.85,71.75,71.81,71.794,180,65
1631549760,71.79,71.79,71.72,71.75,71.736,109,41
1631549820,71.75,71.79,71.7,71.75,71.76,283,73
1631549880,71.72,71.72,71.59,71.66,71.647,121,68
1631549940,71.65,71.75,71.63,71.73,71.665,139,46
1631550000,71.75,71.78,71.56,71.56,71.672,214,90
1631550060,71.57,71.73,71.54,71.73,71.636,130,80
1631550120,71.73,71.76,71.7,71.71,71.73,148,83
1631550180,71.72,71.75,71.68,71.73,71.723,136,69
1631550240,71.72,71.74,71.68,71.68,71.715,194,79
1631550300,71.68,71.71,71.65,71.71,71.677,182,37
1631550360,71.72,71.74,71.63,71.65,71.674,215,127
1631550420,71.63,71.66,71.61,71.65,71.642,128,59
1631550480,71.64,71.66,71.56,71.56,71.611,132,78
1631550540,71.57,71.6,71.53,71.6,71.563,132,77
1631550600,71.6,71.67,71.6,71.65,71.642,147,94
1631550660,71.64,71.66,71.6,71.66,71.635,84,48
1631550720,71.64,71.66,71.61,71.65,71.64,140,100
1631550780,71.64,71.67,71.63,71.65,71.649,219,97
1631550840,71.63,71.65,71.6,71.61,71.637,27,16
1631550900,71.64,71.66,71.57,71.62,71.642,1249,196
1631550960,71.63,71.63,71.52,71.52,71.558,235,93
1631551020,71.52,71.54,71.51,71.52,71.526,168,67
1631551080,71.53,71.54,71.5,71.52,71.523,61,39
1631551140,71.52,71.54,71.46,71.52,71.508,191,108
1631551200,71.53,71.53,71.43,71.43,71.464,219,56
1631551260,71.41,71.42,71.3,71.31,71.366,297,114
1631551320,71.32,71.37,71.24,71.35,71.295,498,209
1631551380,71.36,71.43,71.33,71.4,71.396,219,82
1631551440,71.4,71.54,71.4,71.54,71.492,1204,132
1631551500,71.51,71.54,71.44,71.49,71.513,239,108
1631551560,71.49,71.49,71.43,71.49,71.469,163,108
1631551620,71.49,71.59,71.49,71.56,71.542,155,78
1631551680,71.54,71.64,71.51,71.58,71.6,281,84
1631551740,71.58,71.59,71.53,71.54,71.557,112,59
1631551800,71.55,71.63,71.54,71.62,71.569,55,39
1631551860,71.63,71.64,71.55,71.63,71.584,123,34
1631551920,71.63,71.63,71.55,71.58,71.6,180,58
1631551980,71.58,71.61,71.53,71.59,71.559,76,44
1631552040,71.61,71.67,71.59,71.67,71.625,96,43
1631552100,71.66,71.67,71.59,71.59,71.63,177,94
1631552160,71.6,71.77,71.6,71.77,71.695,184,84
1631552220,71.76,71.87,71.73,71.87,71.808,248,132
1631552280,71.86,71.87,71.8,71.8,71.833,151,56
1631552340,71.8,71.83,71.77,71.79,71.803,164,61
1631552400,71.81,71.84,71.78,71.82,71.815,190,51
1631552460,71.82,71.82,71.74,71.76,71.77,91,60
1631552520,71.78,71.84,71.72,71.73,71.769,202,99
1631552580,71.74,71.76,71.66,71.66,71.734,187,85
1631552640,71.66,71.68,71.61,71.64,71.638,155,71
1631552700,71.64,71.66,71.61,71.66,71.638,97,39
1631552760,71.67,71.72,71.65,71.72,71.675,200,41
1631552820,71.71,71.76,71.68,71.7,71.71,108,69
1631552880,71.69,71.76,71.69,71.73,71.728,167,66
1631552940,71.73,71.73,71.67,71.67,71.698,187,78
1631553000,71.68,71.71,71.62,71.62,71.682,143,65
1631553060,71.64,71.65,71.55,71.65,71.608,196,99
1631553120,71.68,71.74,71.68,71.69,71.709,139,62
1631553180,71.69,71.7,71.62,71.63,71.65,67,41
1631553240,71.61,71.66,71.58,71.59,71.62,112,60
1631553300,71.59,71.65,71.59,71.65,71.609,87,42
1631553360,71.67,71.69,71.66,71.66,71.671,70,20
1631553420,71.67,71.67,71.58,71.62,71.622,93,59
1631553480,71.6,71.61,71.57,71.6,71.594,100,23
1631553540,71.58,71.59,71.56,71.57,71.57,1272,62
1631553600,71.58,71.58,71.55,71.58,71.568,67,36
1631553660,71.58,71.61,71.53,71.53,71.581,127,74
1631553720,71.53,71.54,71.42,71.49,71.484,219,107
1631553780,71.5,71.53,71.48,71.5,71.503,72,32
1631553840,71.49,71.49,71.42,71.48,71.456,88,50
1631553900,71.5,71.53,71.37,71.4,71.407,221,80
1631553960,71.4,71.48,71.37,71.46,71.428,80,25
1631554020,71.46,71.46,71.35,71.37,71.373,202,63
1631554080,71.37,71.37,71.3,71.31,71.336,81,41
1631554140,71.31,71.41,71.28,71.32,71.367,445,203
1631554200,71.31,71.34,71.28,71.31,71.301,151,62
1631554260,71.33,71.36,71.28,71.36,71.319,165,57
1631554320,71.36,71.37,71.31,71.33,71.348,116,38
1631554380,71.34,71.4,71.33,71.38,71.355,171,73
1631554440,71.38,71.39,71.32,71.34,71.363,60,33
1631554500,71.32,71.42,71.31,71.42,71.342,172,87
1631554560,71.42,71.45,71.4,71.44,71.426,176,52
1631554620,71.43,71.44,71.36,71.37,71.4,110,48
1631554680,71.37,71.44,71.36,71.36,71.393,89,48
1631554740,71.35,71.39,71.35,71.36,71.368,148,39
1631554800,71.36,71.41,71.31,71.39,71.361,58,46
1631554860,71.37,71.4,71.35,71.38,71.378,111,48
1631554920,71.39,71.43,71.38,71.42,71.406,131,44
1631554980,71.41,71.42,71.3,71.3,71.36,177,57
1631555040,71.33,71.35,71.3,71.34,71.329,75,37
1631555100,71.34,71.36,71.29,71.3,71.319,61,41
1631555160,71.31,71.46,71.31,71.45,71.407,85,38
1631555220,71.45,71.46,71.42,71.42,71.442,99,41
1631555280,71.41,71.48,71.4,71.48,71.449,76,47
1631555340,71.47,71.51,71.46,71.48,71.484,223,72
1631555400,71.46,71.47,71.35,71.37,71.398,288,95
1631555460,71.35,71.48,71.35,71.42,71.437,58,23
1631555520,71.42,71.5,71.42,71.48,71.479,173,36
1631555580,71.47,71.48,71.43,71.44,71.449,41,25
1631555640,71.44,71.44,71.42,71.43,71.428,49,33
1631555700,71.43,71.45,71.41,71.42,71.425,57,24
1631555760,71.42,71.43,71.41,71.42,71.415,47,33
1631555820,71.42,71.52,71.42,71.48,71.47,80,43
1631555880,71.48,71.55,71.48,71.52,71.523,82,44
1631555940,71.5,71.53,71.49,71.52,71.507,42,31
1631556000,71.53,71.59,71.52,71.58,71.55,100,46
1631556060,71.58,71.63,71.53,71.62,71.584,147,63
1631556120,71.62,71.72,71.58,71.71,71.654,106,50
1631556180,71.71,71.71,71.61,71.66,71.637,69,29
1631556240,71.66,71.75,71.65,71.75,71.674,151,61
1631556300,71.74,71.77,71.72,71.73,71.742,107,65
1631556360,71.73,71.74,71.68,71.7,71.71,101,50
1631556420,71.71,71.71,71.68,71.7,71.701,91,47
1631556480,71.69,71.74,71.68,71.72,71.701,95,54
1631556540,71.71,71.72,71.62,71.63,71.667,169,61
1631556600,71.62,71.7,71.51,71.59,71.598,413,254
1631556660,71.56,71.57,71.46,71.46,71.486,266,91
1631556720,71.47,71.49,71.4,71.45,71.441,240,94
1631556780,71.48,71.48,71.34,71.38,71.385,232,99
1631556840,71.39,71.43,71.38,71.42,71.405,234,81
1631556900,71.42,71.43,71.35,71.35,71.39,101,35
1631556960,71.34,71.36,71.28,71.32,71.322,198,87
1631557020,71.31,71.34,71.28,71.3,71.31,152,87
1631557080,71.3,71.38,71.23,71.27,71.301,368,88
1631557140,71.25,71.3,71.22,71.3,71.256,81,35
1631557200,71.33,71.33,71.24,71.26,71.299,126,59
1631557260,71.27,71.34,71.26,71.32,71.299,238,93
1631557320,71.3,71.33,71.27,71.31,71.295,53,44
1631557380,71.31,71.31,71.23,71.25,71.262,149,75
1631557440,71.23,71.24,71.17,71.21,71.206,364,94
1631557500,71.21,71.24,71.19,71.22,71.221,119,56
1631557560,71.19,71.2,71.11,71.14,71.141,196,78
1631557620,71.14,71.17,71.08,71.09,71.127,182,103
1631557680,71.08,71.15,71.04,71.14,71.096,163,58
1631557740,71.14,71.14,71.09,71.09,71.12,114,26
1631557800,71.11,71.11,71.06,71.07,71.081,158,49
1631557860,71.08,71.16,71.08,71.13,71.114,167,45
1631557920,71.13,71.15,71.09,71.11,71.128,55,29
1631557980,71.12,71.24,71.09,71.24,71.206,201,67
1631558040,71.23,71.23,71.15,71.19,71.188,104,53
1631558100,71.17,71.2,71.17,71.2,71.184,60,26
1631558160,71.2,71.34,71.19,71.26,71.27,152,78
1631558220,71.25,71.25,71.2,71.2,71.239,168,25
1631558280,71.19,71.23,71.15,71.2,71.193,84,55
1631558340,71.2,71.24,71.19,71.24,71.22,64,35
1631558400,71.22,71.35,71.21,71.34,71.307,217,61
1631558460,71.34,71.36,71.31,71.31,71.332,139,43
1631558520,71.32,71.38,71.29,71.33,71.337,108,68
1631558580,71.3,71.36,71.28,71.33,71.327,88,52
1631558640,71.34,71.36,71.3,71.35,71.332,116,32
1631558700,71.37,71.37,71.17,71.19,71.304,123,63
1631558760,71.2,71.25,71.17,71.22,71.212,95,49
1631558820,71.26,71.34,71.26,71.33,71.299,52,29
1631558880,71.32,71.39,71.3,71.37,71.336,185,78
1631558940,71.37,71.4,71.3,71.3,71.368,72,39
1631559000,71.3,71.3,71.25,71.25,71.271,38,29
1631559060,71.25,71.29,71.22,71.26,71.261,226,97
1631559120,71.27,71.34,71.25,71.28,71.279,305,80
1631559180,71.3,71.3,71.22,71.22,71.261,62,37
1631559240,71.25,71.28,71.22,71.25,71.252,126,47
1631559300,71.25,71.34,71.22,71.33,71.28,106,50
1631559360,71.33,71.45,71.33,71.39,71.405,243,115
1631559420,71.4,71.4,71.33,71.35,71.355,110,64
1631559480,71.34,71.35,71.26,71.27,71.305,464,186
1631559540,71.29,71.33,71.24,71.31,71.287,154,70
1631559600,71.29,71.31,71.13,71.13,71.208,236,104
1631559660,71.14,71.14,71.06,71.06,71.1,283,78
1631559720,71.06,71.15,71.02,71.12,71.086,145,81
1631559780,71.11,71.13,71.06,71.07,71.103,64,31
1631559840,71.07,71.12,71.02,71.06,71.07,177,69
1631559900,71.05,71.09,71.04,71.07,71.048,362,88
1631559960,71.06,71.16,71.03,71.13,71.098,110,71
1631560020,71.13,71.23,71.12,71.19,71.192,159,56
1631560080,71.21,71.3,71.17,71.26,71.238,122,68
1631560140,71.29,71.29,71.24,71.26,71.265,92,50
1631560200,71.27,71.45,71.27,71.43,71.369,379,160
1631560260,71.41,71.42,71.31,71.42,71.375,134,96
1631560320,71.42,71.48,71.36,71.38,71.413,189,97
1631560380,71.38,71.42,71.37,71.39,71.384,187,56
1631560440,71.41,71.41,71.34,71.36,71.36,129,47
1631560500,71.34,71.35,71.23,71.23,71.289,215,114
1631560560,71.23,71.38,71.23,71.38,71.334,326,96
1631560620,71.35,71.41,71.34,71.37,71.387,241,107
1631560680,71.36,71.38,71.3,71.33,71.35,86,52
1631560740,71.32,71.32,71.25,71.28,71.285,109,84
1631560800,71.28,71.33,71.21,71.24,71.271,208,117
1631560860,71.23,71.29,71.16,71.28,71.245,499,219
1631560920,71.28,71.31,71.19,71.31,71.247,386,173
1631560980,71.32,71.47,71.27,71.4,71.386,239,111
1631561040,71.37,71.41,71.35,71.37,71.375,225,105
1631561100,71.35,71.36,71.3,71.33,71.314,464,106
1631561160,71.34,71.37,71.32,71.36,71.352,374,137
1631561220,71.35,71.35,71.29,71.33,71.323,112,93
1631561280,71.33,71.38,71.28,71.36,71.333,202,111
1631561340,71.37,71.4,71.3,71.33,71.355,363,128
1631561400,71.34,71.35,71.25,71.27,71.291,381,122
1631561460,71.26,71.28,71.23,71.26,71.261,368,173
1631561520,71.25,71.26,71.18,71.2,71.218,434,161
1631561580,71.21,71.25,71.14,71.16,71.211,336,141
1631561640,71.15,71.19,71.14,71.17,71.165,272,146
1631561700,71.16,71.16,71.05,71.05,71.104,473,179
1631561760,71.04,71.16,71.04,71.15,71.119,606,219
1631561820,71.14,71.35,71.11,71.2,71.213,1065,516
1631561880,71.2,71.23,71.16,71.17,71.199,395,251
1631561940,71.19,71.26,71.18,71.19,71.212,462,211
1631562000,71.19,71.22,71.18,71.21,71.201,318,241
1631562060,71.21,71.25,71.19,71.24,71.216,207,165
1631562120,71.24,71.35,71.23,71.3,71.283,813,463
1631562180,71.26,71.27,71.18,71.23,71.211,578,313
1631562240,71.23,71.23,71.2,71.22,71.216,205,141
1631562300,71.22,71.3,71.2,71.28,71.25,381,266
1631562360,71.3,71.45,71.29,71.31,71.374,983,526
1631562420,71.31,71.32,71.23,71.32,71.282,473,310
1631562480,71.31,71.37,71.28,71.35,71.333,572,331
1631562540,71.34,71.38,71.31,71.36,71.354,619,396
1631562600,71.35,71.44,71.34,71.39,71.391,737,407
1631562660,71.38,71.49,71.38,71.38,71.428,981,589
1631562720,71.37,71.39,71.35,71.37,71.365,633,315
1631562780,71.37,71.43,71.35,71.43,71.402,942,481
1631562840,71.43,71.49,71.41,71.45,71.45,790,502
1631562900,71.44,71.48,71.41,71.42,71.441,927,470
1631562960,71.42,71.42,71.32,71.34,71.356,1260,641
1631563020,71.33,71.34,71.27,71.3,71.312,1445,663
1631563080,71.29,71.3,71.24,71.26,71.263,1163,601
1631563140,71.27,71.34,71.25,71.25,71.28,1650,736
1631563200,71.35,71.48,71.29,71.29,71.346,6,4
1631563260,71.26,71.3,71.26,71.26,71.261,3644,21
1631563320,71.3,71.32,71.29,71.29,71.311,11,5
1631563380,71.29,71.29,71.29,71.29,71.29,0,0
1631563440,71.26,71.29,71.26,71.28,71.266,8,3
1631563500,71.28,71.28,71.28,71.28,71.28,0,0
1631563560,71.37,71.37,71.37,71.37,71.37,1,1
1631563620,71.37,71.37,71.37,71.37,71.37,0,0
1631563680,71.26,71.39,71.26,71.39,71.269,14,2
1631563740,71.28,71.28,71.28,71.28,71.28,9,1
1631563800,71.28,71.28,71.28,71.28,71.28,0,0
1631563860,71.28,71.28,71.28,71.28,71.28,0,0
1631563920,71.37,71.37,71.37,71.37,71.37,2,2
1631563980,71.33,71.33,71.33,71.33,71.33,2,1
1631564040,71.33,71.33,71.33,71.33,71.33,0,0
1631564100,71.37,71.37,71.37,71.37,71.37,1,1
1631564160,71.37,71.37,71.37,71.37,71.37,0,0
1631564220,71.35,71.37,71.3,71.37,71.352,7,4
1631564280,71.37,71.37,71.37,71.37,71.37,0,0
1631564340,71.37,71.37,71.37,71.37,71.37,0,0
1631564400,71.37,71.37,71.37,71.37,71.37,0,0
1631564460,71.37,71.37,71.37,71.37,71.37,0,0
1631564520,71.37,71.37,71.37,71.37,71.37,0,0
1631564580,71.37,71.37,71.37,71.37,71.37,4,3
1631564640,71.37,71.37,71.37,71.37,71.37,0,0
1631564700,71.36,71.37,71.36,71.37,71.368,6,3
1631564760,71.31,71.31,71.31,71.31,71.31,1,1
1631564820,71.31,71.31,71.31,71.31,71.31,0,0
1631564880,71.31,71.31,71.31,71.31,71.31,0,0
1631564940,71.31,71.31,71.31,71.31,71.31,0,0
1631565000,71.37,71.37,71.37,71.37,71.37,1,1
1631565060,71.37,71.37,71.37,71.37,71.37,0,0
1631565120,71.44,71.44,71.33,71.33,71.41,4,3
1631565180,71.32,71.38,71.32,71.38,71.365,4,2
1631565240,71.38,71.38,71.38,71.38,71.38,0,0
1631565300,71.38,71.38,71.38,71.38,71.38,8,1
1631565360,71.38,71.38,71.38,71.38,71.38,0,0
1631565420,71.38,71.38,71.38,71.38,71.38,0,0
1631565480,71.45,71.45,71.45,71.45,71.45,1,1
1631565540,71.45,71.45,71.45,71.45,71.45,0,0
1631565600,71.45,71.45,71.45,71.45,71.45,0,0
1631565660,71.41,71.41,71.4,71.4,71.402,5,2
1631565720,71.4,71.4,71.4,71.4,71.4,0,0
1631565780,71.4,71.4,71.4,71.4,71.4,0,0
1631565840,71.4,71.4,71.4,71.4,71.4,2,1
1631565900,71.4,71.4,71.4,71.4,71.4,0,0
1631565960,71.4,71.4,71.4,71.4,71.4,1,1
1631566020,71.4,71.4,71.4,71.4,71.4,0,0
1631566080,71.36,71.36,71.36,71.36,71.36,1,1
1631566140,71.4,71.4,71.4,71.4,71.4,1,1
1631566200,71.4,71.4,71.4,71.4,71.4,0,0
1631566260,71.4,71.4,71.4,71.4,71.4,0,0
1631566320,71.36,71.36,71.36,71.36,71.36,1,1
1631566380,71.36,71.36,71.36,71.36,71.36,0,0
1631566440,71.36,71.36,71.35,71.35,71.355,2,2
1631566500,71.34,71.34,71.33,71.33,71.335,4,3
1631566560,71.33,71.33,71.33,71.33,71.33,0,0
1631566620,71.33,71.33,71.33,71.33,71.33,0,0
1631566680,71.33,71.33,71.33,71.33,71.33,0,0
1631566740,71.34,71.4,71.33,71.4,71.367,12,6
1631566800,71.4,71.4,71.4,71.4,71.4,0,0
1631566860,71.4,71.4,71.4,71.4,71.4,0,0
1631566920,71.39,71.39,71.39,71.39,71.39,4,2
1631566980,71.39,71.39,71.39,71.39,71.39,0,0
1631567040,71.37,71.37,71.37,71.37,71.37,1,1
1631567100,71.39,71.4,71.39,71.4,71.396,4,2
1631567160,71.4,71.4,71.37,71.37,71.379,17,3
1631567220,71.37,71.37,71.37,71.37,71.37,1,1
1631567280,71.37,71.37,71.37,71.37,71.37,6,1
1631567340,71.33,71.33,71.32,71.32,71.321,16,2
1631567400,71.32,71.32,71.32,71.32,71.32,0,0
1631567460,71.32,71.32,71.32,71.32,71.32,0,0
1631567520,71.32,71.32,71.32,71.32,71.32,0,0
1631567580,71.32,71.32,71.32,71.32,71.32,0,0
1631567640,71.32,71.32,71.32,71.32,71.32,0,0
1631567700,71.4,71.4,71.4,71.4,71.4,1,1
1631567760,71.39,71.39,71.39,71.39,71.39,1,1
1631567820,71.39,71.39,71.39,71.39,71.39,0,0
1631567880,71.39,71.39,71.39,71.39,71.39,0,0
1631567940,71.39,71.39,71.39,71.39,71.39,0,0
1631568000,71.4,71.4,71.4,71.4,71.4,1,1
1631568060,71.4,71.4,71.4,71.4,71.4,0,0
1631568120,71.4,71.4,71.4,71.4,71.4,0,0
1631568180,71.4,71.4,71.4,71.4,71.4,0,0
1631568240,71.4,71.4,71.4,71.4,71.4,0,0
1631568300,71.4,71.4,71.4,71.4,71.4,0,0
1631568360,71.4,71.4,71.4,71.4,71.4,0,0
1631568420,71.4,71.4,71.4,71.4,71.4,0,0
1631568480,71.4,71.4,71.4,71.4,71.4,0,0
1631568540,71.4,71.4,71.4,71.4,71.4,0,0
1631568600,71.4,71.4,71.4,71.4,71.4,0,0
1631568660,71.4,71.4,71.4,71.4,71.4,1,1
1631568720,71.4,71.4,71.4,71.4,71.4,0,0
1631568780,71.36,71.36,71.35,71.35,71.356,4,3
1631568840,71.4,71.4,71.4,71.4,71.4,3,1
1631568900,71.4,71.4,71.4,71.4,71.4,0,0
1631568960,71.4,71.4,71.4,71.4,71.4,0,0
1631569020,71.4,71.4,71.4,71.4,71.4,4,2
1631569080,71.4,71.4,71.4,71.4,71.4,5,1
1631569140,71.4,71.4,71.4,71.4,71.4,0,0
1631569200,71.4,71.4,71.4,71.4,71.4,0,0
1631569260,71.4,71.4,71.4,71.4,71.4,0,0
1631569320,71.4,71.4,71.4,71.4,71.4,0,0
1631569380,71.4,71.4,71.4,71.4,71.4,0,0
1631569440,71.4,71.4,71.4,71.4,71.4,0,0
1631569500,71.4,71.4,71.4,71.4,71.4,0,0
1631569560,71.4,71.4,71.4,71.4,71.4,0,0
1631569620,71.4,71.4,71.4,71.4,71.4,0,0
1631569680,71.4,71.4,71.4,71.4,71.4,0,0
1631569740,71.4,71.4,71.4,71.4,71.4,0,0
1631569800,71.38,71.38,71.38,71.38,71.38,3,2
1631569860,71.38,71.38,71.38,71.38,71.38,6,3
1631569920,71.38,71.38,71.38,71.38,71.38,0,0
1631569980,71.38,71.38,71.38,71.38,71.38,0,0
1631570040,71.38,71.38,71.38,71.38,71.38,0,0
1631570100,71.38,71.38,71.38,71.38,71.38,0,0
1631570160,71.38,71.38,71.38,71.38,71.38,0,0
1631570220,71.38,71.38,71.38,71.38,71.38,0,0
1631570280,71.38,71.38,71.38,71.38,71.38,0,0
1631570340,71.39,71.39,71.39,71.39,71.39,1,1
1631570400,71.39,71.39,71.39,71.39,71.39,0,0
1631570460,71.39,71.39,71.39,71.39,71.39,0,0
1631570520,71.4,71.4,71.4,71.4,71.4,1,1
1631570580,71.37,71.37,71.37,71.37,71.37,2,1
1631570640,71.37,71.37,71.37,71.37,71.37,0,0
1631570700,71.37,71.37,71.37,71.37,71.37,0,0
1631570760,71.37,71.37,71.37,71.37,71.37,0,0
1631570820,71.36,71.36,71.02,71.02,71.144,106,17
1631570880,71.28,71.28,71.22,71.22,71.25,2,2
1631570940,71.22,71.22,71.22,71.22,71.22,0,0
1631571000,71.3,71.3,71.3,71.3,71.3,4,1
1631571060,71.3,71.3,71.3,71.3,71.3,0,0
1631571120,71.3,71.3,71.3,71.3,71.3,0,0
1631571180,71.3,71.3,71.3,71.3,71.3,0,0
1631571240,71.3,71.3,71.3,71.3,71.3,0,0
1631571300,71.3,71.3,71.3,71.3,71.3,0,0
1631571360,71.3,71.3,71.3,71.3,71.3,0,0
1631571420,71.3,71.3,71.3,71.3,71.3,0,0
1631571480,71.3,71.3,71.3,71.3,71.3,0,0
1631571540,71.3,71.3,71.3,71.3,71.3,0,0
1631571600,71.3,71.3,71.3,71.3,71.3,0,0
1631571660,71.3,71.3,71.3,71.3,71.3,0,0
1631571720,71.3,71.3,71.3,71.3,71.3,0,0
1631571780,71.3,71.3,71.3,71.3,71.3,0,0
1631571840,71.08,71.08,71.07,71.07,71.075,9,2
1631571900,71.07,71.07,71.07,71.07,71.07,0,0
1631571960,71.07,71.07,71.07,71.07,71.07,0,0
1631572020,71.07,71.07,71.07,71.07,71.07,0,0
1631572080,71.26,71.26,71.26,71.26,71.26,4,1
1631572140,71.26,71.26,71.26,71.26,71.26,0,0
1631572200,71.25,71.25,71.25,71.25,71.25,4,1
1631572260,71.25,71.25,71.25,71.25,71.25,0,0
1631572320,71.25,71.25,71.25,71.25,71.25,0,0
1631572380,71.11,71.11,71.11,71.11,71.11,1,1
1631572440,71.13,71.13,71.11,71.11,71.114,99,13
1631572500,71.11,71.11,71.11,71.11,71.11,0,0
1631572560,71.11,71.11,71.11,71.11,71.11,0,0
1631572620,71.11,71.11,71.11,71.11,71.11,0,0
1631572680,71.11,71.11,71.11,71.11,71.11,0,0
1631572740,71.11,71.11,71.11,71.11,71.11,0,0
1631572800,71.11,71.11,71.11,71.11,71.11,0,0
1631572860,71.11,71.11,71.11,71.11,71.11,0,0
