date,open,high,low,close,average,volume,count
1624867200,58.75,60.5,58.5,59.98,59.937,464,240
1624867260,59.9,60.97,59.5,60.97,60.297,274,135
1624867320,60.94,61.48,60.41,60.6,60.953,262,124
1624867380,60.43,60.68,60.11,60.11,60.379,119,52
1624867440,60.11,60.4,60.1,60.23,60.267,120,62
1624867500,60.2,60.28,60.1,60.27,60.188,79,41
1624867560,60.24,60.56,60.24,60.38,60.409,112,56
1624867620,60.4,60.41,60.25,60.4,60.318,49,18
1624867680,60.39,60.39,60.11,60.11,60.259,33,23
1624867740,60.12,60.17,60.11,60.14,60.128,14,9
1624867800,60.12,60.12,59.8,59.99,59.977,249,97
1624867860,59.99,59.99,59.84,59.84,59.92,43,28
1624867920,59.81,59.81,58.95,59.31,59.536,112,42
1624867980,59.35,59.98,59.33,59.82,59.712,111,52
1624868040,59.8,59.98,59.72,59.88,59.884,27,12
1624868100,59.92,60.25,59.9,60.25,60.033,129,40
1624868160,60.23,60.33,60.17,60.3,60.239,60,27
1624868220,60.3,60.39,60.28,60.28,60.307,28,15
1624868280,60.25,60.29,60.2,60.2,60.232,44,19
1624868340,60.23,60.23,60.0,60.0,60.112,33,18
1624868400,60.01,60.01,59.88,59.88,59.973,16,9
1624868460,59.95,59.95,59.8,59.8,59.882,35,17
1624868520,59.8,59.96,59.8,59.96,59.887,16,10
1624868580,59.96,59.96,59.9,59.9,59.944,5,3
1624868640,59.96,60.13,59.9,60.08,59.977,46,21
1624868700,60.08,60.08,59.8,59.8,59.884,85,34
1624868760,59.92,59.92,59.92,59.92,59.92,3,1
1624868820,59.92,59.92,59.92,59.92,59.92,0,0
1624868880,60.04,60.08,60.0,60.06,60.056,16,10
1624868940,60.06,60.08,59.95,59.95,60.047,38,21
1624869000,59.93,59.95,59.87,59.87,59.9,6,5
1624869060,59.93,59.93,59.93,59.93,59.93,8,3
1624869120,59.93,59.93,59.93,59.93,59.93,0,0
1624869180,59.93,59.93,59.87,59.87,59.88,5,3
1624869240,59.9,59.92,59.83,59.83,59.894,18,8
1624869300,59.83,59.83,59.48,59.59,59.537,212,33
1624869360,59.59,59.79,59.36,59.75,59.516,215,54
1624869420,59.76,59.76,59.72,59.72,59.738,3,2
1624869480,59.67,59.76,59.65,59.76,59.685,31,11
1624869540,59.76,59.76,59.7,59.7,59.751,12,3
1624869600,59.68,59.68,59.68,59.68,59.68,6,4
1624869660,59.63,59.65,59.57,59.59,59.629,18,10
1624869720,59.57,59.58,59.37,59.42,59.523,34,15
1624869780,59.49,59.71,59.42,59.53,59.557,28,16
1624869840,59.53,59.53,59.51,59.51,59.515,5,3
1624869900,59.53,59.53,59.52,59.52,59.523,3,3
1624869960,59.52,59.58,59.52,59.53,59.535,16,11
1624870020,59.56,59.58,59.56,59.58,59.571,2,2
1624870080,59.64,59.76,59.64,59.76,59.728,9,4
1624870140,59.76,59.77,59.69,59.69,59.72,64,16
1624870200,59.69,59.69,59.69,59.69,59.69,2,2
1624870260,59.68,59.69,59.65,59.69,59.675,4,3
1624870320,59.7,59.71,59.7,59.71,59.706,5,3
1624870380,59.75,59.75,59.64,59.64,59.697,11,7
1624870440,59.64,59.64,59.61,59.61,59.628,4,4
1624870500,59.6,59.69,59.59,59.69,59.654,9,5
1624870560,59.68,59.68,59.61,59.61,59.645,2,2
1624870620,59.6,59.64,59.6,59.64,59.602,18,8
1624870680,59.64,59.64,59.64,59.64,59.64,2,2
1624870740,59.53,59.53,59.41,59.41,59.5,13,11
1624870800,59.42,59.53,59.31,59.31,59.438,34,16
1624870860,59.32,59.45,59.32,59.33,59.331,12,8
1624870920,59.32,59.4,59.31,59.4,59.334,35,20
1624870980,59.41,59.41,59.4,59.4,59.401,13,4
1624871040,59.35,59.45,59.35,59.45,59.417,4,3
1624871100,59.44,59.44,59.44,59.44,59.44,1,1
1624871160,59.43,59.43,59.38,59.38,59.389,5,4
1624871220,59.38,59.38,59.38,59.38,59.38,1,1
1624871280,59.31,59.36,59.24,59.36,59.3,53,26
1624871340,59.26,59.26,59.0,59.0,59.073,144,57
1624871400,59.0,59.06,58.96,58.96,59.018,85,27
1624871460,58.92,58.92,58.7,58.7,58.777,77,49
1624871520,58.68,58.86,58.64,58.8,58.789,89,61
1624871580,58.72,58.74,58.61,58.61,58.706,17,9
1624871640,58.6,58.7,58.35,58.35,58.565,116,65
1624871700,58.32,58.37,57.82,57.91,58.128,197,102
1624871760,57.82,58.34,57.81,58.34,58.041,124,72
1624871820,58.49,58.73,58.41,58.7,58.608,46,27
1624871880,58.65,58.7,58.65,58.7,58.674,10,6
1624871940,58.74,59.19,58.74,59.18,59.056,80,39
1624872000,59.21,59.38,59.21,59.26,59.294,134,49
1624872060,59.23,59.61,59.23,59.6,59.418,55,34
1624872120,59.55,59.81,59.55,59.77,59.697,55,27
1624872180,59.76,59.85,59.7,59.75,59.787,61,32
1624872240,59.67,59.7,59.5,59.7,59.613,85,27
1624872300,59.6,59.67,59.55,59.67,59.598,12,5
1624872360,59.67,59.85,59.5,59.52,59.755,113,30
1624872420,59.55,59.55,59.11,59.11,59.269,64,22
1624872480,59.11,59.34,59.06,59.34,59.201,44,17
1624872540,59.43,59.47,59.26,59.26,59.42,6,6
1624872600,59.36,59.42,59.35,59.42,59.362,12,5
1624872660,59.42,59.42,59.42,59.42,59.42,0,0
1624872720,59.47,59.85,59.47,59.85,59.74,51,16
1624872780,59.78,59.78,59.6,59.78,59.669,7,6
1624872840,59.75,59.75,59.65,59.69,59.68,23,12
1624872900,59.73,60.17,59.7,60.17,59.914,146,64
1624872960,60.07,60.07,59.7,59.8,59.972,81,46
1624873020,59.8,60.01,59.8,59.95,59.925,30,16
1624873080,59.95,60.2,59.95,60.05,60.028,52,21
1624873140,60.0,60.03,59.7,59.8,59.848,54,24
1624873200,59.8,59.8,59.8,59.8,59.8,2,1
1624873260,59.83,59.86,59.83,59.86,59.848,5,3
1624873320,59.89,59.9,59.89,59.9,59.897,9,4
1624873380,59.9,59.96,59.88,59.96,59.911,9,4
1624873440,59.9,59.9,59.8,59.89,59.861,5,5
1624873500,59.81,59.81,59.63,59.63,59.695,24,10
1624873560,59.54,59.59,59.5,59.59,59.575,13,6
1624873620,59.5,59.5,59.13,59.26,59.208,55,14
1624873680,59.3,59.3,59.06,59.1,59.168,56,24
1624873740,59.3,59.44,59.2,59.44,59.315,7,4
1624873800,59.44,59.44,59.44,59.44,59.44,0,0
1624873860,59.44,59.44,59.44,59.44,59.44,0,0
1624873920,59.54,59.6,59.51,59.51,59.57,5,5
1624873980,59.5,59.5,59.4,59.4,59.477,5,4
1624874040,59.23,59.23,59.23,59.23,59.23,1,1
1624874100,59.23,59.23,59.23,59.23,59.23,2,1
1624874160,59.46,59.46,59.46,59.46,59.46,6,2
1624874220,59.5,59.55,59.5,59.55,59.536,14,5
1624874280,59.52,59.52,59.52,59.52,59.52,2,2
1624874340,59.58,59.58,59.46,59.46,59.51,6,5
1624874400,59.47,59.47,59.47,59.47,59.47,3,2
1624874460,59.47,59.47,59.47,59.47,59.47,0,0
1624874520,59.47,59.47,59.47,59.47,59.47,3,1
1624874580,59.35,59.35,59.35,59.35,59.35,1,1
1624874640,59.31,59.35,59.31,59.35,59.335,10,4
1624874700,59.4,59.4,59.4,59.4,59.4,3,2
1624874760,59.4,59.4,59.4,59.4,59.4,1,1
1624874820,59.49,59.49,59.49,59.49,59.49,1,1
1624874880,59.39,59.39,59.39,59.39,59.39,1,1
1624874940,59.4,59.4,59.38,59.38,59.388,6,2
1624875000,59.33,59.33,59.3,59.3,59.326,14,4
1624875060,59.35,59.4,59.35,59.4,59.375,2,2
1624875120,59.4,59.47,59.4,59.47,59.423,3,3
1624875180,59.42,59.45,59.42,59.45,59.434,2,2
1624875240,59.4,59.4,59.4,59.4,59.4,23,8
1624875300,59.44,59.44,59.38,59.38,59.42,3,2
1624875360,59.38,59.38,59.35,59.35,59.362,5,4
1624875420,59.35,59.35,59.35,59.35,59.35,23,12
1624875480,59.38,59.4,59.38,59.4,59.384,5,3
1624875540,59.43,59.43,59.43,59.43,59.43,1,1
1624875600,59.43,59.43,59.43,59.43,59.43,1,1
1624875660,59.43,59.43,59.0,59.02,59.1,24,11
1624875720,59.14,59.15,59.1,59.15,59.14,8,5
1624875780,59.28,59.28,59.2,59.2,59.224,3,2
1624875840,59.18,59.18,59.18,59.18,59.18,5,2
1624875900,59.21,59.21,59.2,59.2,59.204,4,3
1624875960,59.16,59.16,59.16,59.16,59.16,6,1
1624876020,59.21,59.29,59.21,59.27,59.246,5,5
1624876080,59.35,59.39,59.35,59.39,59.381,6,5
1624876140,59.32,59.32,59.32,59.32,59.32,1,1
1624876200,59.3,59.3,59.3,59.3,59.3,1,1
1624876260,59.3,59.3,59.29,59.29,59.292,6,6
1624876320,59.2,59.22,59.2,59.2,59.207,6,5
1624876380,59.15,59.26,59.15,59.26,59.174,10,6
1624876440,59.17,59.25,59.17,59.25,59.188,5,3
1624876500,59.19,59.2,59.19,59.2,59.194,3,3
1624876560,59.2,59.25,59.2,59.25,59.227,3,2
1624876620,59.27,59.27,59.27,59.27,59.27,1,1
1624876680,59.27,59.27,59.27,59.27,59.27,0,0
1624876740,59.27,59.27,59.27,59.27,59.27,0,0
1624876800,59.28,59.3,59.28,59.3,59.295,6,2
1624876860,59.34,59.34,59.34,59.34,59.34,1,1
1624876920,59.41,59.42,59.41,59.42,59.417,3,2
1624876980,59.43,59.43,59.42,59.42,59.424,2,2
1624877040,59.42,59.5,59.42,59.5,59.446,19,7
1624877100,59.65,60.0,59.6,60.0,59.898,64,37
1624877160,60.01,60.08,59.98,59.98,60.029,56,35
1624877220,60.0,60.0,59.87,59.87,59.904,3,2
1624877280,59.98,60.2,59.98,60.0,60.103,79,38
1624877340,59.91,59.98,59.83,59.86,59.884,31,18
1624877400,59.9,60.21,59.9,60.21,60.119,70,29
1624877460,60.2,60.34,59.85,60.1,60.226,149,66
1624877520,59.95,59.95,59.73,59.73,59.793,53,13
1624877580,59.71,59.99,59.6,59.99,59.768,14,8
1624877640,59.97,60.03,59.92,59.92,59.984,9,6
1624877700,60.0,60.07,59.94,59.94,60.004,12,7
1624877760,60.06,60.1,60.06,60.08,60.081,33,14
1624877820,60.0,60.0,60.0,60.0,60.0,8,4
1624877880,59.98,60.0,59.98,59.99,59.99,8,5
1624877940,59.99,59.99,59.97,59.99,59.984,14,8
1624878000,60.0,60.23,59.6,60.12,59.942,725,343
1624878060,60.15,60.2,59.41,59.61,59.745,661,320
1624878120,59.58,60.84,59.55,60.5,60.27,888,343
1624878180,60.53,61.0,60.53,60.8,60.785,772,286
1624878240,60.76,60.8,60.36,60.5,60.532,255,121
1624878300,60.5,60.5,60.25,60.48,60.365,370,160
1624878360,60.49,60.5,60.2,60.2,60.355,244,99
1624878420,60.11,60.3,60.08,60.26,60.195,102,60
1624878480,60.2,60.29,60.05,60.05,60.167,124,56
1624878540,60.05,60.2,59.9,60.19,60.018,310,110
1624878600,60.18,60.34,60.15,60.25,60.269,159,83
1624878660,60.25,60.35,60.17,60.34,60.267,80,31
1624878720,60.31,60.37,60.15,60.15,60.283,128,45
1624878780,60.15,60.15,60.0,60.0,60.02,280,77
1624878840,59.98,59.98,59.86,59.9,59.904,152,43
1624878900,59.9,59.94,59.76,59.84,59.822,84,48
1624878960,59.8,60.15,59.75,60.11,59.982,301,82
1624879020,60.12,60.13,59.95,60.09,60.044,128,79
1624879080,60.09,60.1,60.0,60.0,60.05,86,31
1624879140,59.96,59.97,59.75,59.84,59.891,73,38
1624879200,59.85,59.95,59.85,59.95,59.879,29,16
1624879260,59.94,59.94,59.87,59.87,59.89,14,9
1624879320,59.87,59.9,59.77,59.77,59.841,41,25
1624879380,59.76,59.9,59.76,59.89,59.804,28,14
1624879440,59.89,59.89,59.78,59.79,59.827,68,47
1624879500,59.82,59.85,59.7,59.7,59.758,91,40
1624879560,59.69,59.7,59.43,59.58,59.539,212,106
1624879620,59.58,59.58,59.37,59.58,59.453,598,124
1624879680,59.58,59.76,59.58,59.66,59.651,56,38
1624879740,59.73,59.88,59.72,59.86,59.801,81,46
1624879800,59.87,59.88,59.65,59.72,59.776,73,38
1624879860,59.78,59.81,59.73,59.79,59.762,42,26
1624879920,59.77,59.95,59.77,59.95,59.89,65,30
1624879980,59.91,59.91,59.8,59.85,59.823,89,32
1624880040,59.88,59.88,59.77,59.83,59.809,37,20
1624880100,59.8,59.85,59.77,59.77,59.813,20,17
1624880160,59.71,59.77,59.65,59.66,59.67,56,29
1624880220,59.68,59.75,59.68,59.75,59.709,35,15
1624880280,59.8,59.89,59.8,59.87,59.833,34,14
1624880340,59.82,59.89,59.82,59.88,59.869,8,6
1624880400,59.89,59.91,59.8,59.8,59.868,51,24
1624880460,59.78,59.95,59.78,59.95,59.918,119,38
1624880520,59.99,60.25,59.99,60.12,60.12,257,125
1624880580,60.12,60.46,60.12,60.3,60.336,287,77
1624880640,60.25,60.28,60.15,60.28,60.202,63,30
1624880700,60.25,60.33,60.25,60.29,60.283,62,28
1624880760,60.28,60.28,60.05,60.05,60.203,120,38
1624880820,60.07,60.08,60.0,60.08,60.038,39,19
1624880880,60.1,60.18,60.1,60.11,60.155,32,20
1624880940,60.15,60.15,60.1,60.15,60.119,13,8
1624881000,60.1,60.25,60.1,60.25,60.162,27,10
1624881060,60.24,60.32,60.24,60.29,60.259,90,29
1624881120,60.3,60.3,60.25,60.25,60.26,61,21
1624881180,60.25,60.33,60.17,60.17,60.26,120,33
1624881240,60.2,60.25,60.13,60.25,60.173,29,15
1624881300,60.24,60.24,60.2,60.2,60.211,12,7
1624881360,60.2,60.2,60.15,60.15,60.155,9,4
1624881420,60.15,60.17,60.12,60.12,60.157,14,6
1624881480,60.1,60.1,60.03,60.03,60.082,51,17
1624881540,60.06,60.06,60.0,60.04,60.032,44,17
1624881600,60.11,61.0,59.38,59.83,60.093,4366,954
1624881660,59.85,59.99,59.65,59.81,59.762,280,68
1624881720,59.7,59.85,59.7,59.85,59.783,142,32
1624881780,59.92,60.0,59.85,59.89,59.928,81,29
1624881840,59.9,59.95,59.75,59.8,59.864,86,28
1624881900,59.8,59.92,59.8,59.85,59.862,45,20
1624881960,59.86,59.9,59.65,59.65,59.788,136,40
1624882020,59.65,59.7,59.61,59.61,59.654,174,36
1624882080,59.62,59.91,59.6,59.8,59.704,124,61
1624882140,59.8,59.8,59.65,59.7,59.69,58,19
1624882200,59.7,59.75,59.65,59.75,59.692,195,79
1624882260,59.7,59.75,59.7,59.71,59.729,47,27
1624882320,59.75,59.75,59.42,59.48,59.564,244,86
1624882380,59.48,59.5,59.32,59.32,59.419,214,71
1624882440,59.32,59.4,59.26,59.4,59.33,378,118
1624882500,59.4,59.45,59.33,59.42,59.395,276,61
1624882560,59.45,59.7,59.36,59.6,59.525,250,70
1624882620,59.69,59.7,59.6,59.62,59.643,183,67
1624882680,59.7,59.7,59.62,59.62,59.668,184,27
1624882740,59.62,59.7,59.6,59.7,59.652,164,46
1624882800,59.66,59.69,59.44,59.45,59.56,187,31
1624882860,59.5,59.6,59.5,59.5,59.534,100,22
1624882920,59.5,59.59,59.44,59.5,59.528,115,29
1624882980,59.6,59.6,59.45,59.48,59.494,170,26
1624883040,59.48,59.51,59.23,59.25,59.321,193,76
1624883100,59.22,59.36,59.15,59.2,59.231,238,100
1624883160,59.15,59.23,58.82,59.12,58.997,755,248
1624883220,59.16,59.17,58.88,58.92,58.957,292,103
1624883280,58.92,59.03,58.81,58.9,58.894,373,118
1624883340,58.8,59.2,58.8,59.17,58.991,253,74
1624883400,59.2,59.3,59.01,59.08,59.187,297,86
1624883460,59.01,59.01,58.6,58.81,58.758,550,176
1624883520,58.71,58.81,58.56,58.74,58.65,235,75
1624883580,58.7,58.79,58.65,58.74,58.73,91,41
1624883640,58.71,58.85,58.71,58.85,58.786,166,52
1624883700,58.82,58.9,58.65,58.8,58.758,271,61
1624883760,58.8,58.8,58.59,58.59,58.677,172,35
1624883820,58.58,58.6,58.2,58.21,58.427,553,150
1624883880,58.21,58.45,58.21,58.4,58.374,310,89
1624883940,58.41,58.66,58.41,58.65,58.544,291,73
1624884000,58.65,58.66,58.45,58.51,58.525,253,51
1624884060,58.5,58.54,58.25,58.28,58.374,259,52
1624884120,58.25,58.33,58.17,58.33,58.235,282,82
1624884180,58.38,58.55,58.19,58.53,58.441,288,71
1624884240,58.53,58.58,58.29,58.29,58.438,214,47
1624884300,58.27,58.5,58.24,58.35,58.277,162,25
1624884360,58.32,58.32,57.88,57.99,58.059,792,210
1624884420,57.96,58.29,57.91,58.25,58.046,365,102
1624884480,58.25,58.29,58.15,58.18,58.225,101,38
1624884540,58.24,58.29,58.17,58.23,58.256,50,22
1624884600,58.27,58.5,58.2,58.45,58.433,307,94
1624884660,58.45,58.69,58.43,58.64,58.606,289,81
1624884720,58.63,58.67,58.45,58.5,58.533,359,75
1624884780,58.5,58.51,58.4,58.5,58.48,161,40
1624884840,58.54,58.7,58.51,58.7,58.616,140,39
1624884900,58.7,58.8,58.5,58.51,58.648,196,55
1624884960,58.57,58.57,58.15,58.2,58.4,599,119
1624885020,58.2,58.3,58.2,58.29,58.253,119,29
1624885080,58.22,58.5,58.22,58.48,58.313,224,48
1624885140,58.36,58.5,58.3,58.46,58.43,144,59
1624885200,58.45,58.5,58.35,58.4,58.444,150,46
1624885260,58.48,58.48,57.8,57.84,58.073,663,181
1624885320,57.84,58.14,57.8,57.99,57.936,471,126
1624885380,58.0,58.0,57.84,58.0,57.909,534,119
1624885440,57.92,58.1,57.92,58.08,58.045,143,51
1624885500,58.02,58.06,57.6,57.66,57.805,541,147
1624885560,57.69,57.97,57.65,57.8,57.768,360,112
1624885620,57.8,57.82,57.65,57.67,57.727,178,66
1624885680,57.7,57.9,57.6,57.84,57.714,284,74
1624885740,57.83,58.1,57.77,58.08,57.992,400,86
1624885800,58.05,58.08,57.94,58.0,58.025,270,57
1624885860,57.94,58.0,57.9,58.0,57.938,66,30
1624885920,57.98,58.09,57.98,58.07,58.045,96,34
1624885980,58.05,58.06,57.75,57.84,57.875,162,46
1624886040,57.85,57.87,57.61,57.72,57.721,218,55
1624886100,57.75,57.83,57.61,57.76,57.745,107,45
1624886160,57.76,58.0,57.7,57.75,57.866,220,58
1624886220,57.95,57.95,57.74,57.86,57.89,115,20
1624886280,57.99,57.99,57.72,57.75,57.802,101,25
1624886340,57.74,57.8,57.65,57.7,57.701,169,61
1624886400,57.7,57.7,57.65,57.69,57.687,132,50
1624886460,57.7,57.84,57.7,57.8,57.778,146,40
1624886520,57.82,57.96,57.82,57.94,57.908,275,67
1624886580,57.96,58.17,57.94,58.15,58.076,313,107
1624886640,58.15,58.16,58.03,58.11,58.092,188,63
1624886700,58.1,58.11,57.91,57.91,57.994,250,81
1624886760,57.93,57.98,57.81,57.9,57.922,149,53
1624886820,57.9,57.94,57.85,57.9,57.895,154,47
1624886880,57.93,57.94,57.6,57.81,57.776,315,73
1624886940,57.8,57.8,57.17,57.22,57.471,681,246
1624887000,57.15,57.49,56.22,56.5,56.849,15531,3993
1624887060,56.53,56.68,55.67,55.67,56.128,10475,3564
1624887120,55.7,56.29,55.45,55.81,55.878,9140,3116
1624887180,55.81,55.87,55.11,55.55,55.495,7210,2604
1624887240,55.53,55.55,54.75,55.38,55.041,11320,4037
1624887300,55.38,55.39,54.8,54.93,55.103,5068,2207
1624887360,54.93,55.6,54.85,55.39,55.295,6769,2477
1624887420,55.43,55.85,55.37,55.76,55.66,7301,2666
1624887480,55.79,56.1,55.48,56.0,55.815,6356,2186
1624887540,55.99,56.27,54.78,55.2,55.584,10389,3381
1624887600,55.2,55.21,54.41,54.85,54.919,5555,2138
1624887660,54.83,55.23,54.54,54.83,54.87,5829,1830
1624887720,54.78,55.05,54.02,54.05,54.497,7511,2451
1624887780,54.09,54.25,53.82,53.95,54.021,7032,2353
1624887840,53.94,54.32,53.6,54.03,54.01,5249,1903
1624887900,54.04,54.53,53.67,53.68,54.021,5801,1799
1624887960,53.69,54.54,53.55,54.52,53.981,7708,2039
1624888020,54.5,55.0,54.32,54.54,54.669,6563,2160
1624888080,54.51,54.75,54.27,54.4,54.517,3742,1295
1624888140,54.37,54.52,54.0,54.19,54.205,4375,1518
1624888200,54.17,54.51,53.92,54.0,54.225,3940,1207
1624888260,54.04,54.76,53.8,54.52,54.268,5538,1596
1624888320,54.54,54.76,54.21,54.39,54.536,3769,1145
1624888380,54.41,54.88,54.33,54.64,54.688,4239,1159
1624888440,54.7,54.9,54.05,54.25,54.496,3907,1268
1624888500,54.29,54.64,54.0,54.41,54.297,4302,1446
1624888560,54.44,54.63,54.14,54.25,54.348,3035,874
1624888620,54.27,54.35,53.63,53.63,54.015,4694,1518
1624888680,53.63,53.77,53.27,53.49,53.551,6156,1955
1624888740,53.48,53.95,53.48,53.72,53.684,2665,961
1624888800,53.73,54.01,53.64,53.93,53.891,2788,719
1624888860,53.9,54.02,53.75,53.85,53.925,2837,832
1624888920,53.81,54.17,53.71,53.9,53.961,3075,819
1624888980,53.92,53.92,53.45,53.6,53.639,3435,1081
1624889040,53.57,53.82,53.45,53.8,53.617,2829,780
1624889100,53.8,54.16,53.51,54.08,53.957,3735,1143
1624889160,54.12,54.14,53.64,53.86,53.85,2627,789
1624889220,53.84,54.06,53.74,53.97,53.915,2263,674
1624889280,53.94,53.99,53.54,53.58,53.683,3371,1000
1624889340,53.59,54.14,53.58,53.87,53.908,3479,908
1624889400,53.83,53.87,53.35,53.52,53.568,4054,1206
1624889460,53.53,53.75,53.42,53.47,53.588,3504,896
1624889520,53.47,53.49,52.92,53.17,53.093,7829,2419
1624889580,53.18,53.28,52.82,53.06,53.034,5108,1380
1624889640,53.06,53.47,53.03,53.33,53.255,4376,1101
1624889700,53.33,53.7,53.22,53.69,53.553,3406,1108
1624889760,53.7,53.78,53.5,53.77,53.667,2948,736
1624889820,53.78,53.89,53.54,53.86,53.701,2910,812
1624889880,53.86,54.0,53.8,53.81,53.909,3422,1105
1624889940,53.87,54.52,53.8,54.4,54.184,5267,1598
1624890000,54.37,54.83,54.2,54.81,54.633,7215,2192
1624890060,54.82,54.92,54.67,54.79,54.813,6080,1928
1624890120,54.77,54.89,54.58,54.59,54.713,3425,1261
1624890180,54.6,54.85,54.58,54.8,54.7,2891,1020
1624890240,54.78,54.93,54.7,54.88,54.845,3976,1344
1624890300,54.89,54.89,54.53,54.53,54.723,3252,918
1624890360,54.56,54.71,54.48,54.62,54.6,2205,718
1624890420,54.63,54.9,54.55,54.82,54.728,2527,893
1624890480,54.83,55.05,54.2,54.4,54.641,7499,2180
1624890540,54.37,54.48,54.27,54.32,54.342,1721,526
1624890600,54.32,54.52,54.3,54.4,54.392,1902,699
1624890660,54.44,54.49,54.01,54.07,54.238,2944,965
1624890720,54.07,54.29,54.06,54.17,54.146,1805,587
1624890780,54.16,54.38,54.11,54.14,54.287,916,393
1624890840,54.16,54.25,53.71,53.75,53.936,3736,1117
1624890900,53.71,53.95,53.71,53.89,53.81,1740,522
1624890960,53.88,53.94,53.29,53.48,53.625,3245,935
1624891020,53.47,53.55,52.93,52.97,53.243,5182,1336
1624891080,52.98,53.0,52.76,52.87,52.936,4084,1440
1624891140,52.87,52.9,52.48,52.69,52.694,4725,1510
1624891200,52.7,52.88,52.54,52.72,52.715,3073,897
1624891260,52.73,52.87,52.71,52.73,52.808,1908,673
1624891320,52.75,53.05,52.68,53.04,52.877,2988,929
1624891380,53.02,53.19,52.99,53.15,53.076,2959,1004
1624891440,53.16,53.2,52.87,52.91,53.075,2136,701
1624891500,52.9,52.92,52.7,52.75,52.785,1947,698
1624891560,52.76,52.84,52.69,52.74,52.765,1475,473
1624891620,52.73,53.26,52.72,53.23,53.025,2742,781
1624891680,53.23,53.3,53.0,53.01,53.115,2261,692
1624891740,53.04,53.16,52.97,53.12,53.062,1994,660
1624891800,53.11,53.33,52.83,52.88,53.099,2988,813
1624891860,52.83,53.4,52.7,52.85,52.829,2024,691
1624891920,52.86,52.91,52.69,52.75,52.77,2215,657
1624891980,52.76,52.9,52.73,52.83,52.842,1060,387
1624892040,52.82,52.85,52.7,52.72,52.769,872,331
1624892100,52.75,53.09,52.6,53.05,52.826,3567,900
1624892160,53.04,53.39,53.04,53.21,53.218,3034,762
1624892220,53.2,53.33,52.96,53.32,53.138,1780,455
1624892280,53.32,53.49,53.23,53.37,53.344,2590,697
1624892340,53.38,53.4,53.11,53.21,53.26,1224,340
1624892400,53.23,53.48,53.11,53.33,53.327,1844,542
1624892460,53.33,53.55,53.09,53.23,53.328,2479,819
1624892520,53.23,53.48,53.12,53.45,53.298,1492,404
1624892580,53.48,53.67,53.29,53.37,53.457,2295,735
1624892640,53.36,53.43,53.13,53.19,53.261,1570,485
1624892700,53.19,53.35,53.01,53.07,53.165,1275,480
1624892760,53.06,53.11,52.94,53.07,53.028,1233,401
1624892820,53.08,53.19,52.86,52.91,53.032,1039,338
1624892880,52.9,53.07,52.76,52.86,52.883,1455,441
1624892940,52.84,52.96,52.5,52.58,52.654,3397,934
1624893000,52.59,52.94,52.59,52.9,52.751,1685,603
1624893060,52.9,53.1,52.82,53.07,52.994,1665,443
1624893120,53.09,53.47,53.09,53.32,53.329,3144,742
1624893180,53.32,53.47,53.26,53.4,53.4,1441,308
1624893240,53.4,53.69,53.36,53.53,53.556,2909,787
1624893300,53.55,53.6,53.41,53.51,53.526,1395,395
1624893360,53.53,53.63,53.37,53.38,53.514,1136,316
1624893420,53.39,53.46,53.33,53.43,53.395,837,308
1624893480,53.42,53.6,53.41,53.57,53.504,1071,295
1624893540,53.58,53.6,53.41,53.49,53.518,1444,319
1624893600,53.49,53.91,53.44,53.83,53.747,2360,707
1624893660,53.84,54.07,53.84,53.93,53.953,3375,949
1624893720,53.94,54.16,53.9,54.0,54.052,2895,919
1624893780,54.0,54.09,53.86,53.96,53.964,1479,445
1624893840,53.97,54.06,53.88,53.88,53.975,992,290
1624893900,53.89,54.12,53.74,53.96,53.951,1628,439
1624893960,53.98,54.22,53.96,54.07,54.105,1961,521
1624894020,54.05,54.23,54.04,54.16,54.158,1240,460
1624894080,54.15,54.17,54.0,54.0,54.067,1352,366
1624894140,54.01,54.26,54.0,54.25,54.179,1464,442
1624894200,54.24,54.24,53.94,53.98,54.069,1836,529
1624894260,53.96,54.0,53.78,53.81,53.887,1489,489
1624894320,53.8,53.93,53.68,53.73,53.793,1237,355
1624894380,53.73,53.9,53.68,53.84,53.779,1267,330
1624894440,53.85,53.94,53.72,53.91,53.839,885,213
1624894500,53.91,53.92,53.61,53.66,53.742,865,271
1624894560,53.66,53.69,53.5,53.63,53.591,1436,443
1624894620,53.63,53.75,53.6,53.74,53.677,675,207
1624894680,53.71,53.73,53.59,53.67,53.64,919,259
1624894740,53.66,53.75,53.6,53.72,53.7,682,178
1624894800,53.7,53.7,53.45,53.55,53.534,1340,383
1624894860,53.54,53.62,53.45,53.55,53.53,874,244
1624894920,53.55,53.94,53.54,53.85,53.768,1767,460
1624894980,53.87,54.1,53.78,54.06,53.932,1390,393
1624895040,54.06,54.3,54.01,54.23,54.176,2501,628
1624895100,54.23,54.28,54.05,54.16,54.17,1803,521
1624895160,54.18,54.25,53.92,54.08,54.085,1242,452
1624895220,54.07,54.11,53.93,54.0,54.03,852,259
1624895280,53.99,53.99,53.85,53.91,53.912,1048,300
1624895340,53.9,54.1,53.9,54.04,54.02,875,330
1624895400,54.04,54.15,54.0,54.09,54.071,954,266
1624895460,54.08,54.32,54.0,54.3,54.159,1369,425
1624895520,54.31,54.5,54.22,54.44,54.389,2319,588
1624895580,54.43,54.58,54.38,54.41,54.481,2588,567
1624895640,54.41,54.6,54.33,54.48,54.496,1924,623
1624895700,54.47,55.02,54.47,54.8,54.754,4210,1102
1624895760,54.8,55.01,54.7,55.0,54.91,3891,1200
1624895820,55.03,55.4,55.02,55.12,55.177,4910,1495
1624895880,55.13,55.35,55.1,55.24,55.241,2622,818
1624895940,55.24,55.34,55.02,55.08,55.208,2781,900
1624896000,55.09,55.2,54.91,54.99,55.064,2504,842
1624896060,55.01,55.45,55.0,55.36,55.242,2961,755
1624896120,55.38,55.38,55.2,55.31,55.313,2255,693
1624896180,55.28,55.41,55.17,55.23,55.288,1615,522
1624896240,55.22,55.38,55.1,55.18,55.28,2189,565
1624896300,55.17,55.21,54.97,55.09,55.1,1609,527
1624896360,55.1,55.3,55.09,55.28,55.227,1709,492
1624896420,55.27,55.39,55.2,55.33,55.311,1408,380
1624896480,55.33,55.57,55.1,55.22,55.342,3998,1180
1624896540,55.19,55.21,55.01,55.1,55.098,1416,471
1624896600,55.09,55.27,55.0,55.13,55.102,1576,430
1624896660,55.13,55.18,55.06,55.14,55.117,743,271
1624896720,55.14,55.49,54.93,55.34,55.139,2255,658
1624896780,55.35,55.71,55.3,55.61,55.527,3723,1064
1624896840,55.61,55.79,55.51,55.63,55.691,3499,984
1624896900,55.62,55.91,55.56,55.9,55.802,3772,1069
1624896960,55.89,56.37,55.76,56.34,56.134,6746,1907
1624897020,56.33,56.63,56.31,56.6,56.447,6033,1870
1624897080,56.59,56.95,56.53,56.82,56.812,7154,2012
1624897140,56.85,56.86,56.61,56.72,56.729,3417,1049
1624897200,56.72,57.07,56.66,57.04,56.905,6902,1944
1624897260,57.01,57.22,56.9,57.14,57.095,7829,1791
1624897320,57.13,57.38,56.96,57.33,57.166,5361,1543
1624897380,57.32,57.51,57.12,57.42,57.333,6051,1578
1624897440,57.44,57.46,56.79,56.82,57.012,8751,2440
1624897500,56.81,56.95,56.52,56.53,56.711,6166,1806
1624897560,56.54,56.67,56.33,56.38,56.455,6144,1853
1624897620,56.39,56.44,56.26,56.31,56.349,5051,1305
1624897680,56.3,56.4,56.16,56.22,56.27,3366,926
1624897740,56.2,56.38,56.07,56.2,56.254,4318,1096
1624897800,56.2,56.42,56.17,56.35,56.323,2947,843
1624897860,56.34,56.35,56.01,56.14,56.15,3449,913
1624897920,56.14,56.15,55.92,56.01,56.009,2901,840
1624897980,56.01,56.05,55.87,55.9,55.95,2204,677
1624898040,55.89,56.08,55.83,56.0,55.969,3124,826
1624898100,55.98,56.03,55.74,55.86,55.894,2380,728
1624898160,55.88,56.04,55.67,55.73,55.887,3086,894
1624898220,55.75,55.83,55.65,55.75,55.737,2422,757
1624898280,55.73,55.88,55.7,55.85,55.802,1728,495
1624898340,55.84,55.95,55.57,55.61,55.786,3631,903
1624898400,55.59,55.7,55.44,55.55,55.544,3353,1064
1624898460,55.55,55.74,55.53,55.62,55.651,2683,752
1624898520,55.6,55.79,55.56,55.73,55.729,2215,607
1624898580,55.72,55.95,55.72,55.91,55.833,2874,802
1624898640,55.9,55.91,55.72,55.89,55.819,1629,577
1624898700,55.89,55.93,55.61,55.76,55.784,2331,749
1624898760,55.76,55.8,55.6,55.7,55.693,1210,377
1624898820,55.69,55.86,55.69,55.8,55.788,1601,440
1624898880,55.8,55.98,55.63,55.66,55.866,3180,902
1624898940,55.68,55.69,55.32,55.4,55.549,2928,837
1624899000,55.38,55.49,55.23,55.3,55.332,2226,769
1624899060,55.3,55.38,55.21,55.28,55.291,1844,503
1624899120,55.29,55.44,55.26,55.4,55.348,1931,423
1624899180,55.39,55.47,55.16,55.19,55.326,1843,554
1624899240,55.17,55.43,55.17,55.4,55.278,1578,413
1624899300,55.37,55.49,55.24,55.42,55.383,1673,503
1624899360,55.41,55.59,55.38,55.54,55.47,1924,489
1624899420,55.56,55.74,55.5,55.7,55.631,2542,653
1624899480,55.72,55.78,55.56,55.6,55.661,1803,473
1624899540,55.62,55.68,55.56,55.68,55.632,1118,296
1624899600,55.68,55.76,55.4,55.48,55.563,1943,527
1624899660,55.47,55.55,55.36,55.54,55.45,1319,371
1624899720,55.52,55.62,55.4,55.45,55.531,1578,436
1624899780,55.45,55.6,55.4,55.42,55.507,767,228
1624899840,55.41,55.5,55.31,55.44,55.417,1204,306
1624899900,55.43,55.78,55.4,55.74,55.609,1952,539
1624899960,55.74,55.81,55.59,55.7,55.71,2311,548
1624900020,55.66,55.77,55.65,55.74,55.721,1267,328
1624900080,55.75,55.87,55.64,55.68,55.749,1808,465
1624900140,55.68,55.72,55.51,55.53,55.607,1577,405
1624900200,55.54,55.54,55.23,55.3,55.35,2393,791
1624900260,55.3,55.36,55.22,55.24,55.277,1293,374
1624900320,55.24,55.28,55.11,55.14,55.174,1914,560
1624900380,55.13,55.14,55.02,55.12,55.083,2034,585
1624900440,55.14,55.23,55.11,55.16,55.168,1165,343
1624900500,55.16,55.2,54.97,55.04,55.069,1748,525
1624900560,55.05,55.26,55.02,55.21,55.156,1465,386
1624900620,55.23,55.25,55.09,55.15,55.2,847,246
1624900680,55.15,55.22,55.08,55.12,55.154,729,195
1624900740,55.11,55.12,54.82,54.9,54.943,1856,587
1624900800,54.88,54.94,54.85,54.87,54.895,1230,338
1624900860,54.88,54.88,54.72,54.86,54.8,1435,467
1624900920,54.86,54.93,54.81,54.89,54.872,1002,370
1624900980,54.86,54.94,54.81,54.83,54.877,749,221
1624901040,54.81,54.87,54.75,54.82,54.803,1016,338
1624901100,54.83,54.91,54.61,54.63,54.766,1576,538
1624901160,54.63,54.69,54.34,54.39,54.476,3227,1093
1624901220,54.39,54.48,54.21,54.32,54.365,2388,632
1624901280,54.32,54.43,54.27,54.4,54.344,1206,434
1624901340,54.4,54.45,54.31,54.38,54.395,1291,419
1624901400,54.38,54.45,54.28,54.35,54.38,1489,474
1624901460,54.33,54.34,54.01,54.17,54.138,2689,858
1624901520,54.16,54.3,54.15,54.27,54.241,1237,353
1624901580,54.29,54.38,54.22,54.35,54.298,1381,453
1624901640,54.33,54.4,54.22,54.29,54.312,893,248
1624901700,54.3,54.3,54.05,54.13,54.183,1063,361
1624901760,54.15,54.24,54.05,54.08,54.127,1091,317
1624901820,54.09,54.18,54.0,54.05,54.081,1340,380
1624901880,54.04,54.38,54.04,54.36,54.267,2168,572
1624901940,54.35,54.44,54.29,54.37,54.375,1944,573
1624902000,54.37,54.48,54.22,54.42,54.363,2301,554
1624902060,54.41,54.48,54.25,54.39,54.381,1370,318
1624902120,54.37,54.42,54.17,54.2,54.259,1523,316
1624902180,54.22,54.33,54.15,54.31,54.241,634,240
1624902240,54.29,54.37,54.23,54.31,54.294,855,187
1624902300,54.32,54.37,54.23,54.3,54.3,1069,229
1624902360,54.3,54.39,54.25,54.38,54.323,810,223
1624902420,54.37,54.59,54.36,54.55,54.503,2181,682
1624902480,54.57,54.6,54.47,54.59,54.541,1953,527
1624902540,54.56,54.57,54.47,54.47,54.529,862,238
1624902600,54.46,54.6,54.38,54.51,54.491,1233,425
1624902660,54.49,54.67,54.47,54.62,54.601,1339,405
1624902720,54.61,54.83,54.59,54.74,54.685,1385,436
1624902780,54.75,54.85,54.7,54.8,54.773,1383,494
1624902840,54.8,54.86,54.7,54.75,54.794,1173,411
1624902900,54.73,54.84,54.73,54.81,54.798,662,218
1624902960,54.84,54.98,54.8,54.95,54.913,1547,450
1624903020,54.95,55.06,54.87,54.97,54.976,2912,784
1624903080,54.96,55.07,54.92,55.02,55.017,1602,436
1624903140,54.99,55.07,54.87,54.87,54.982,1355,407
1624903200,54.88,54.94,54.61,54.7,54.788,1997,684
1624903260,54.7,54.72,54.59,54.7,54.657,1306,343
1624903320,54.71,54.74,54.59,54.67,54.65,861,246
1624903380,54.65,54.8,54.64,54.72,54.719,921,307
1624903440,54.73,54.84,54.71,54.76,54.778,897,316
1624903500,54.76,54.87,54.75,54.8,54.806,457,173
1624903560,54.83,54.83,54.62,54.64,54.715,668,268
1624903620,54.61,54.72,54.6,54.63,54.649,501,162
1624903680,54.63,54.63,54.43,54.47,54.537,969,414
1624903740,54.47,54.48,54.26,54.4,54.38,1360,432
1624903800,54.41,54.43,54.36,54.41,54.397,618,259
1624903860,54.41,54.6,54.4,54.57,54.507,1104,396
1624903920,54.58,54.68,54.56,54.58,54.612,756,278
1624903980,54.6,54.85,54.58,54.8,54.724,1354,417
1624904040,54.78,54.85,54.65,54.8,54.77,1648,439
1624904100,54.8,54.99,54.79,54.92,54.905,1393,374
1624904160,54.92,54.96,54.86,54.91,54.914,635,184
1624904220,54.93,55.1,54.92,55.0,55.015,1977,605
1624904280,55.0,55.0,54.68,54.7,54.845,1196,376
1624904340,54.72,54.79,54.6,54.69,54.676,1191,337
1624904400,54.69,54.73,54.65,54.71,54.696,627,158
1624904460,54.71,54.72,54.57,54.59,54.621,1087,358
1624904520,54.58,54.65,54.5,54.6,54.587,731,227
1624904580,54.61,54.69,54.6,54.6,54.639,722,355
1624904640,54.62,54.79,54.6,54.73,54.741,921,230
1624904700,54.73,54.74,54.6,54.73,54.676,559,210
1624904760,54.67,54.78,54.67,54.71,54.727,629,165
1624904820,54.71,54.91,54.7,54.78,54.816,775,250
1624904880,54.8,55.32,54.73,55.31,55.004,2357,675
1624904940,55.29,55.3,55.11,55.18,55.195,2026,637
1624905000,55.18,55.41,55.18,55.28,55.291,1855,560
1624905060,55.26,55.3,55.2,55.21,55.241,819,246
1624905120,55.23,55.23,55.0,55.09,55.117,1580,533
1624905180,55.1,55.18,55.06,55.07,55.132,896,232
1624905240,55.07,55.34,55.06,55.2,55.238,1791,505
1624905300,55.19,55.29,55.08,55.28,55.206,1211,344
1624905360,55.29,55.3,55.08,55.18,55.201,1031,265
1624905420,55.16,55.18,55.02,55.06,55.11,977,299
1624905480,55.07,55.1,54.9,54.94,54.986,1490,446
1624905540,54.94,55.11,54.92,55.01,55.018,1015,283
1624905600,55.03,55.14,54.94,55.13,55.045,925,252
1624905660,55.11,55.3,55.03,55.29,55.185,1402,439
1624905720,55.3,55.3,55.16,55.24,55.229,1249,351
1624905780,55.24,55.3,55.16,55.28,55.233,961,233
1624905840,55.28,55.5,55.17,55.17,55.337,2525,728
1624905900,55.21,55.33,55.07,55.14,55.204,1070,356
1624905960,55.14,55.21,55.09,55.1,55.168,568,181
1624906020,55.12,55.12,55.0,55.12,55.062,740,280
1624906080,55.1,55.2,55.03,55.17,55.135,650,190
1624906140,55.17,55.3,55.03,55.1,55.175,987,327
1624906200,55.15,55.17,55.03,55.12,55.074,579,195
1624906260,55.15,55.17,55.04,55.1,55.125,569,199
1624906320,55.09,55.25,55.03,55.19,55.102,1300,240
1624906380,55.19,55.21,55.0,55.04,55.069,988,370
1624906440,55.04,55.06,54.7,54.76,54.871,2077,652
1624906500,54.79,54.82,54.65,54.76,54.732,1013,329
1624906560,54.78,54.83,54.69,54.73,54.781,661,228
1624906620,54.73,54.82,54.71,54.76,54.775,327,112
1624906680,54.78,54.87,54.76,54.78,54.811,526,175
1624906740,54.79,54.81,54.67,54.74,54.739,849,303
1624906800,54.75,54.79,54.73,54.79,54.752,528,190
1624906860,54.8,54.92,54.77,54.9,54.844,825,279
1624906920,54.91,54.92,54.83,54.85,54.88,453,201
1624906980,54.85,54.85,54.71,54.76,54.774,545,208
1624907040,54.78,54.89,54.77,54.85,54.835,427,121
1624907100,54.88,54.89,54.81,54.84,54.848,389,154
1624907160,54.83,54.88,54.64,54.75,54.758,690,251
1624907220,54.76,54.76,54.54,54.6,54.664,720,317
1624907280,54.6,54.64,54.56,54.63,54.605,491,149
1624907340,54.64,54.75,54.56,54.66,54.658,469,191
1624907400,54.66,54.72,54.5,54.53,54.576,1004,343
1624907460,54.51,54.62,54.47,54.52,54.533,1117,173
1624907520,54.52,54.61,54.51,54.52,54.559,469,162
1624907580,54.55,54.6,54.43,54.48,54.479,755,278
1624907640,54.5,54.6,54.49,54.59,54.547,582,130
1624907700,54.59,54.65,54.49,54.6,54.585,642,264
1624907760,54.61,54.79,54.56,54.62,54.685,550,212
1624907820,54.63,54.78,54.57,54.78,54.656,620,247
1624907880,54.77,54.95,54.72,54.9,54.829,1006,303
1624907940,54.91,55.02,54.88,54.96,54.96,1347,382
1624908000,54.97,54.99,54.88,54.92,54.932,354,133
1624908060,54.93,55.19,54.92,55.14,55.108,1738,466
1624908120,55.15,55.15,54.94,55.14,55.043,1111,402
1624908180,55.14,55.14,54.98,55.0,55.056,736,258
1624908240,55.0,55.06,54.95,54.99,54.998,589,208
1624908300,55.0,55.03,54.9,54.97,54.95,428,128
1624908360,54.97,55.1,54.94,54.94,55.032,513,180
1624908420,54.94,55.15,54.94,55.07,55.065,676,188
1624908480,55.06,55.28,54.99,55.17,55.167,1325,377
1624908540,55.16,55.49,55.12,55.44,55.359,1968,565
1624908600,55.43,55.72,55.41,55.6,55.576,2503,821
1624908660,55.62,55.7,55.41,55.49,55.515,2209,691
1624908720,55.51,55.71,55.44,55.71,55.569,1661,498
1624908780,55.69,56.25,55.66,56.21,55.948,4349,1104
1624908840,56.22,56.31,55.92,56.04,56.167,3734,1045
1624908900,56.06,56.22,55.83,55.96,56.035,3151,805
1624908960,55.97,56.18,55.91,56.12,56.058,2762,766
1624909020,56.12,56.5,56.09,56.48,56.349,5851,1573
1624909080,56.5,56.5,56.09,56.23,56.337,2876,889
1624909140,56.25,56.36,56.16,56.32,56.265,2066,628
1624909200,56.34,56.39,56.02,56.06,56.202,2077,685
1624909260,56.09,56.11,55.82,55.85,55.937,3263,907
1624909320,55.84,55.92,55.73,55.84,55.841,1640,502
1624909380,55.84,55.95,55.82,55.93,55.875,1564,424
1624909440,55.94,55.95,55.68,55.77,55.811,1486,519
1624909500,55.76,55.76,55.52,55.55,55.642,2407,959
1624909560,55.54,55.6,55.32,55.4,55.441,2328,842
1624909620,55.42,55.45,55.28,55.4,55.381,1648,526
1624909680,55.4,55.48,55.25,55.32,55.39,1606,499
1624909740,55.33,55.36,55.13,55.34,55.247,2421,649
1624909800,55.34,55.41,55.25,55.37,55.342,1800,610
1624909860,55.37,55.44,55.3,55.42,55.382,1347,512
1624909920,55.42,55.47,55.3,55.37,55.387,1307,419
1624909980,55.37,55.41,55.32,55.38,55.37,529,218
1624910040,55.37,55.42,55.35,55.37,55.39,710,321
1624910100,55.37,55.38,55.02,55.08,55.165,2413,1013
1624910160,55.08,55.2,55.02,55.19,55.115,1641,736
1624910220,55.16,55.32,55.04,55.27,55.147,1269,608
1624910280,55.28,55.32,55.1,55.14,55.207,1703,873
1624910340,55.13,55.16,54.84,54.88,54.973,7290,2649
1624910400,54.87,54.9,54.84,54.9,54.841,10893,66
1624910460,54.9,54.98,54.61,54.73,54.838,847,80
1624910520,54.77,54.89,54.65,54.79,54.762,284,72
1624910580,54.71,54.88,54.71,54.82,54.802,292,39
1624910640,54.8,54.82,54.62,54.7,54.726,256,70
1624910700,54.7,54.79,54.66,54.79,54.773,35,11
1624910760,54.79,54.79,54.65,54.74,54.73,130,34
1624910820,54.66,54.79,54.66,54.79,54.753,133,46
1624910880,54.79,54.8,54.72,54.76,54.77,81,27
1624910940,54.76,54.82,54.72,54.76,54.775,56,22
1624911000,54.76,54.97,54.75,54.87,54.81,202,44
1624911060,54.86,54.87,54.8,54.8,54.849,78,24
1624911120,54.91,54.92,54.81,54.87,54.853,83,27
1624911180,54.87,55.0,54.8,54.89,54.897,179,46
1624911240,54.89,54.9,54.79,54.8,54.881,171,17
1624911300,54.9,54.9,54.9,54.9,54.9,3,1
1624911360,54.8,54.89,54.79,54.89,54.825,227,31
1624911420,54.8,54.8,54.66,54.7,54.699,197,63
1624911480,54.7,54.7,54.66,54.7,54.689,39,12
1624911540,54.7,54.7,54.68,54.69,54.693,132,27
1624911600,54.68,54.68,54.62,54.62,54.639,58,17
1624911660,54.62,54.62,54.56,54.56,54.577,118,13
1624911720,54.55,54.55,54.42,54.43,54.505,95,38
1624911780,54.45,54.52,54.45,54.5,54.485,35,18
1624911840,54.5,54.5,54.42,54.42,54.459,25,7
1624911900,54.41,54.42,54.32,54.32,54.405,182,35
1624911960,54.34,54.34,54.02,54.26,54.265,190,62
1624912020,54.28,54.3,54.21,54.26,54.251,71,21
1624912080,54.22,54.26,54.17,54.22,54.222,90,24
1624912140,54.25,54.3,54.21,54.3,54.25,207,28
1624912200,54.35,54.35,54.28,54.28,54.332,70,26
1624912260,54.28,54.33,54.27,54.33,54.289,29,10
1624912320,54.33,54.46,54.3,54.46,54.36,119,50
1624912380,54.47,54.58,54.43,54.55,54.518,132,45
1624912440,54.53,54.55,54.47,54.5,54.518,38,14
1624912500,54.53,54.84,54.47,54.51,54.733,59,9
1624912560,54.5,54.5,54.47,54.47,54.483,14,10
1624912620,54.47,54.5,54.47,54.5,54.48,11,5
1624912680,54.5,54.7,54.45,54.7,54.496,270,78
1624912740,54.5,54.66,54.5,54.5,54.561,24,13
1624912800,54.63,54.68,54.63,54.66,54.64,148,19
1624912860,54.7,54.74,54.66,54.74,54.706,86,21
1624912920,54.73,54.73,54.58,54.58,54.663,7,5
1624912980,54.67,54.72,54.61,54.7,54.695,83,28
1624913040,54.7,54.72,54.63,54.63,54.699,29,8
1624913100,54.66,54.68,54.61,54.61,54.653,20,18
1624913160,54.65,54.65,54.52,54.54,54.556,123,38
1624913220,54.53,54.55,54.5,54.54,54.517,60,25
1624913280,54.54,54.56,54.51,54.56,54.549,86,19
1624913340,54.6,54.6,54.51,54.57,54.536,68,9
1624913400,54.58,54.59,54.53,54.53,54.573,12,12
1624913460,54.55,54.6,54.52,54.53,54.541,20,6
1624913520,54.53,54.53,54.53,54.53,54.53,0,0
1624913580,54.56,54.58,54.52,54.52,54.545,63,7
1624913640,54.52,54.52,54.3,54.47,54.486,129,26
1624913700,54.45,54.45,54.4,54.4,54.422,26,6
1624913760,54.47,54.5,54.45,54.5,54.487,29,6
1624913820,54.55,54.55,54.53,54.54,54.54,44,5
1624913880,54.55,54.55,54.53,54.53,54.549,22,3
1624913940,54.49,54.53,54.4,54.41,54.435,79,15
1624914000,54.53,54.53,54.47,54.47,54.494,32,7
1624914060,54.47,54.47,54.47,54.47,54.47,0,0
1624914120,54.53,54.53,54.53,54.53,54.53,1,1
1624914180,54.52,54.52,54.52,54.52,54.52,1,1
1624914240,54.49,54.55,54.49,54.52,54.536,7,3
1624914300,54.55,54.56,54.52,54.52,54.535,21,11
1624914360,54.57,54.59,54.5,54.5,54.53,21,8
1624914420,54.56,54.56,54.5,54.5,54.512,6,5
1624914480,54.5,54.5,54.5,54.5,54.5,0,0
1624914540,54.57,54.57,54.5,54.5,54.53,20,8
1624914600,54.51,54.51,54.51,54.51,54.51,1,1
1624914660,54.5,54.51,54.48,54.48,54.488,11,5
1624914720,54.5,54.5,54.48,54.48,54.493,5,4
1624914780,54.43,54.43,54.29,54.29,54.331,22,12
1624914840,54.34,54.47,54.34,54.4,54.408,30,14
1624914900,54.4,54.42,54.4,54.4,54.405,4,3
1624914960,54.4,54.4,54.4,54.4,54.4,1,1
1624915020,54.4,54.4,54.37,54.39,54.382,58,10
1624915080,54.31,54.36,54.31,54.36,54.316,8,2
1624915140,54.31,54.31,54.31,54.31,54.31,17,2
1624915200,54.31,54.35,54.29,54.29,54.305,75,17
1624915260,54.36,54.36,54.32,54.32,54.347,3,2
1624915320,54.3,54.34,54.3,54.34,54.318,4,4
1624915380,54.34,54.36,54.31,54.32,54.345,18,9
1624915440,54.35,54.37,54.32,54.37,54.35,15,6
1624915500,54.35,54.39,54.35,54.39,54.379,5,4
1624915560,54.41,54.41,54.4,54.4,54.4,54,5
1624915620,54.4,54.4,54.4,54.4,54.4,2,1
1624915680,54.39,54.4,54.33,54.33,54.398,51,4
1624915740,54.4,54.4,54.4,54.4,54.4,5,3
1624915800,54.45,54.45,54.42,54.45,54.448,22,3
1624915860,54.45,54.48,54.45,54.46,54.468,22,7
1624915920,54.46,54.46,54.46,54.46,54.46,0,0
1624915980,54.46,54.5,54.46,54.5,54.486,66,9
1624916040,54.5,54.54,54.5,54.54,54.504,10,2
1624916100,54.49,54.53,54.49,54.53,54.497,16,5
1624916160,54.5,54.59,54.5,54.59,54.549,35,6
1624916220,54.59,54.59,54.59,54.59,54.59,0,0
1624916280,54.64,54.64,54.64,54.64,54.64,3,1
1624916340,54.68,54.68,54.68,54.68,54.68,10,1
1624916400,54.55,54.55,54.54,54.54,54.546,2,2
1624916460,54.67,54.67,54.67,54.67,54.67,2,1
1624916520,54.51,54.55,54.51,54.55,54.521,15,3
1624916580,54.51,54.6,54.51,54.52,54.58,11,7
1624916640,54.51,54.51,54.51,54.51,54.51,1,1
1624916700,54.51,54.51,54.51,54.51,54.51,0,0
1624916760,54.52,54.52,54.51,54.51,54.511,11,2
1624916820,54.5,54.5,54.45,54.45,54.486,48,8
1624916880,54.45,54.49,54.45,54.49,54.453,13,3
1624916940,54.48,54.48,54.45,54.45,54.472,7,3
1624917000,54.45,54.45,54.45,54.45,54.45,0,0
1624917060,54.45,54.45,54.34,54.34,54.367,20,8
1624917120,54.38,54.44,54.38,54.44,54.407,25,7
1624917180,54.36,54.36,54.35,54.35,54.35,21,9
1624917240,54.4,54.4,54.33,54.33,54.352,30,9
1624917300,54.35,54.44,54.33,54.42,54.37,37,13
1624917360,54.38,54.42,54.38,54.38,54.385,8,3
1624917420,54.42,54.44,54.38,54.42,54.421,112,10
1624917480,54.44,54.44,54.44,54.44,54.44,11,5
1624917540,54.42,54.42,54.42,54.42,54.42,5,3
1624917600,54.42,54.42,54.42,54.42,54.42,8,3
1624917660,54.42,54.49,54.42,54.49,54.459,23,7
1624917720,54.4,54.4,54.4,54.4,54.4,3,1
1624917780,54.34,54.4,54.33,54.4,54.343,7,4
1624917840,54.33,54.4,54.33,54.4,54.38,3,2
1624917900,54.33,54.33,54.33,54.33,54.33,4,2
1624917960,54.33,54.33,54.33,54.33,54.33,8,1
1624918020,54.39,54.39,54.35,54.35,54.351,36,5
1624918080,54.35,54.35,54.35,54.35,54.35,0,0
1624918140,54.33,54.33,54.33,54.33,54.33,2,2
1624918200,54.34,54.34,54.33,54.33,54.333,38,6
1624918260,54.33,54.37,54.33,54.34,54.334,20,11
1624918320,54.31,54.34,54.31,54.34,54.319,7,2
1624918380,54.33,54.33,54.31,54.31,54.314,6,2
1624918440,54.31,54.34,54.31,54.31,54.323,25,8
1624918500,54.31,54.31,54.25,54.25,54.275,27,13
1624918560,54.25,54.31,54.25,54.3,54.298,38,12
1624918620,54.34,54.34,54.33,54.34,54.337,30,7
1624918680,54.34,54.34,54.34,54.34,54.34,0,0
1624918740,54.34,54.34,54.34,54.34,54.34,23,6
1624918800,54.34,54.34,54.34,54.34,54.34,0,0
1624918860,54.3,54.3,54.3,54.3,54.3,11,2
1624918920,54.39,54.48,54.39,54.48,54.413,24,7
1624918980,54.47,54.47,54.47,54.47,54.47,1,1
1624919040,54.44,54.45,54.44,54.45,54.446,10,3
1624919100,54.45,54.45,54.45,54.45,54.45,0,0
1624919160,54.34,54.34,54.34,54.34,54.34,1,1
1624919220,54.34,54.34,54.34,54.34,54.34,1,1
1624919280,54.35,54.35,54.34,54.34,54.343,10,4
1624919340,54.43,54.44,54.39,54.39,54.42,3,3
1624919400,54.39,54.39,54.39,54.39,54.39,1,1
1624919460,54.44,54.44,54.44,54.44,54.44,1,1
1624919520,54.42,54.42,54.42,54.42,54.42,1,1
1624919580,54.43,54.43,54.43,54.43,54.43,4,3
1624919640,54.44,54.44,54.44,54.44,54.44,5,4
1624919700,54.43,54.43,54.43,54.43,54.43,16,3
1624919760,54.35,54.35,54.34,54.34,54.342,5,4
1624919820,54.34,54.34,54.34,54.34,54.34,0,0
1624919880,54.34,54.34,54.34,54.34,54.34,0,0
1624919940,54.33,54.33,54.33,54.33,54.33,1,1
1624920000,54.33,54.5,54.33,54.5,54.437,3,3
1624920060,54.49,54.49,54.36,54.36,54.399,6,2
1624920120,54.36,54.36,54.36,54.36,54.36,0,0
1624920180,54.49,54.5,54.49,54.5,54.496,15,9
1624920240,54.47,54.47,54.47,54.47,54.47,6,2
1624920300,54.47,54.47,54.47,54.47,54.47,0,0
1624920360,54.4,54.41,54.4,54.41,54.402,10,2
1624920420,54.45,54.45,54.45,54.45,54.45,5,2
1624920480,54.5,54.5,54.5,54.5,54.5,14,1
1624920540,54.5,54.5,54.45,54.45,54.493,7,3
1624920600,54.5,54.5,54.5,54.5,54.5,4,1
1624920660,54.45,54.5,54.44,54.5,54.482,14,3
1624920720,54.49,54.49,54.49,54.49,54.49,2,1
1624920780,54.44,54.5,54.44,54.5,54.444,16,2
1624920840,54.5,54.5,54.5,54.5,54.5,2,1
1624920900,54.45,54.46,54.44,54.44,54.445,9,3
1624920960,54.42,54.42,54.4,54.4,54.405,46,3
1624921020,54.36,54.36,54.35,54.35,54.356,9,5
1624921080,54.31,54.31,54.3,54.3,54.305,5,3
1624921140,54.35,54.35,54.32,54.32,54.323,9,2
1624921200,54.32,54.35,54.32,54.35,54.331,17,6
1624921260,54.33,54.33,54.33,54.33,54.33,3,2
1624921320,54.33,54.33,54.31,54.33,54.32,16,5
1624921380,54.33,54.33,54.33,54.33,54.33,26,7
1624921440,54.3,54.3,54.3,54.3,54.3,5,1
1624921500,54.3,54.3,54.3,54.3,54.3,0,0
1624921560,54.3,54.31,54.3,54.3,54.3,10,1
1624921620,54.3,54.3,54.3,54.3,54.3,0,0
1624921680,54.32,54.32,54.32,54.32,54.32,1,1
1624921740,54.32,54.32,54.32,54.32,54.32,0,0
1624921800,54.3,54.3,54.3,54.3,54.3,6,2
1624921860,54.29,54.29,54.29,54.29,54.29,3,2
1624921920,54.29,54.29,54.28,54.29,54.289,17,4
1624921980,54.25,54.26,54.23,54.26,54.253,17,5
1624922040,54.26,54.29,54.26,54.29,54.286,7,2
1624922100,54.29,54.29,54.29,54.29,54.29,0,0
1624922160,54.26,54.26,54.26,54.26,54.26,10,1
1624922220,54.33,54.33,54.33,54.33,54.33,3,1
1624922280,54.3,54.31,54.3,54.31,54.303,3,2
1624922340,54.31,54.33,54.31,54.31,54.316,13,4
1624922400,54.33,54.33,54.33,54.33,54.33,1,1
1624922460,54.33,54.33,54.33,54.33,54.33,0,0
1624922520,54.32,54.32,54.32,54.32,54.32,1,1
1624922580,54.32,54.32,54.32,54.32,54.32,0,0
1624922640,54.28,54.28,54.28,54.28,54.28,13,3
1624922700,54.31,54.31,54.23,54.23,54.235,31,2
1624922760,54.23,54.23,54.23,54.23,54.23,0,0
1624922820,54.28,54.28,54.25,54.25,54.277,11,3
1624922880,54.29,54.29,54.29,54.29,54.29,1,1
1624922940,54.29,54.29,54.29,54.29,54.29,0,0
1624923000,54.31,54.31,54.31,54.31,54.31,1,1
1624923060,54.25,54.3,54.23,54.23,54.258,19,7
1624923120,54.25,54.25,54.23,54.23,54.237,14,4
1624923180,54.2,54.25,54.2,54.25,54.202,25,2
1624923240,54.25,54.25,54.25,54.25,54.25,0,0
1624923300,54.25,54.25,54.25,54.25,54.25,0,0
1624923360,54.25,54.25,54.25,54.25,54.25,5,2
1624923420,54.25,54.29,54.25,54.25,54.253,15,3
1624923480,54.28,54.28,54.25,54.28,54.278,14,3
1624923540,54.26,54.26,54.26,54.26,54.26,14,6
1624923600,54.26,54.26,54.26,54.26,54.26,3,1
1624923660,54.26,54.26,54.25,54.25,54.251,21,8
1624923720,54.25,54.25,54.25,54.25,54.25,0,0
1624923780,54.2,54.25,54.2,54.25,54.223,11,2
1624923840,54.2,54.2,54.2,54.2,54.2,2,1
1624923900,54.25,54.25,54.19,54.19,54.227,19,9
1624923960,54.23,54.23,54.05,54.08,54.104,61,16
1624924020,54.06,54.06,54.06,54.06,54.06,1,1
1624924080,54.06,54.06,54.05,54.06,54.056,40,8
1624924140,54.1,54.1,54.05,54.06,54.063,25,6
1624924200,54.06,54.06,54.05,54.05,54.052,9,4
1624924260,54.05,54.05,54.0,54.0,54.008,69,27
1624924320,53.98,53.98,53.95,53.95,53.968,13,4
1624924380,53.99,54.0,53.9,53.9,53.916,62,14
1624924440,53.84,53.84,53.75,53.75,53.815,25,10
1624924500,53.75,53.8,53.75,53.75,53.754,11,3
1624924560,53.75,53.8,53.75,53.75,53.776,8,6
1624924620,53.76,53.76,53.7,53.7,53.734,29,15
1624924680,53.7,53.7,53.6,53.6,53.658,25,16
1624924740,53.6,53.6,53.5,53.5,53.56,22,14
1624953600,54.54,54.54,53.5,53.5,53.942,12,7
1624953660,54.0,54.1,54.0,54.1,54.034,20,7
1624953720,54.1,54.13,54.1,54.1,54.104,18,10
1624953780,54.1,54.21,54.1,54.16,54.149,5,5
1624953840,54.15,54.18,54.13,54.15,54.151,14,8
1624953900,54.15,54.15,54.1,54.1,54.11,11,7
1624953960,54.1,54.1,54.1,54.1,54.1,4,2
1624954020,54.1,54.1,54.1,54.1,54.1,0,0
1624954080,54.1,54.1,54.1,54.1,54.1,2,1
1624954140,54.11,54.11,54.1,54.1,54.103,3,2
1624954200,54.11,54.11,54.1,54.1,54.103,4,4
1624954260,54.1,54.1,54.1,54.1,54.1,2,1
1624954320,54.21,54.24,54.21,54.24,54.227,3,3
1624954380,54.31,54.4,54.31,54.4,54.353,4,3
1624954440,54.4,54.41,54.4,54.41,54.408,4,3
1624954500,54.35,54.35,54.35,54.35,54.35,1,1
1624954560,54.37,54.4,54.37,54.4,54.388,2,2
1624954620,54.39,54.39,54.39,54.39,54.39,3,1
1624954680,54.39,54.39,54.39,54.39,54.39,0,0
1624954740,54.31,54.31,54.31,54.31,54.31,1,1
1624954800,54.38,54.38,54.38,54.38,54.38,1,1
1624954860,54.38,54.38,54.38,54.38,54.38,1,1
1624954920,54.38,54.38,54.38,54.38,54.38,0,0
1624954980,54.31,54.31,54.31,54.31,54.31,2,1
1624955040,54.31,54.31,54.31,54.31,54.31,0,0
1624955100,54.31,54.31,54.31,54.31,54.31,0,0
1624955160,54.31,54.31,54.31,54.31,54.31,0,0
1624955220,54.31,54.31,54.31,54.31,54.31,0,0
1624955280,54.31,54.31,54.31,54.31,54.31,0,0
1624955340,54.3,54.31,54.3,54.3,54.302,4,4
1624955400,54.3,54.3,54.26,54.3,54.283,3,3
1624955460,54.3,54.3,54.3,54.3,54.3,1,1
1624955520,54.3,54.3,54.3,54.3,54.3,0,0
1624955580,54.3,54.3,54.3,54.3,54.3,0,0
1624955640,54.3,54.3,54.3,54.3,54.3,0,0
1624955700,54.3,54.3,54.3,54.3,54.3,0,0
1624955760,54.3,54.3,54.3,54.3,54.3,0,0
1624955820,54.3,54.3,54.3,54.3,54.3,0,0
1624955880,54.12,54.17,54.11,54.17,54.131,5,5
1624955940,54.11,54.11,54.07,54.07,54.097,17,7
1624956000,54.01,54.01,53.9,54.0,53.959,15,9
1624956060,54.02,54.02,53.95,53.95,53.994,9,7
1624956120,53.95,53.95,53.8,53.83,53.847,23,5
1624956180,53.83,53.83,53.8,53.8,53.803,8,4
1624956240,53.78,53.78,53.77,53.77,53.775,2,2
1624956300,53.77,53.77,53.77,53.77,53.77,0,0
1624956360,53.85,53.85,53.85,53.85,53.85,2,2
1624956420,53.95,54.0,53.95,54.0,53.973,3,2
1624956480,54.0,54.0,54.0,54.0,54.0,0,0
1624956540,54.05,54.07,54.05,54.07,54.057,5,4
1624956600,54.07,54.07,54.07,54.07,54.07,0,0
1624956660,54.07,54.07,54.07,54.07,54.07,0,0
1624956720,54.07,54.07,54.07,54.07,54.07,0,0
1624956780,54.07,54.07,54.07,54.07,54.07,0,0
1624956840,53.93,53.93,53.9,53.9,53.916,6,5
1624956900,53.86,53.86,53.8,53.8,53.834,7,6
1624956960,53.76,53.76,53.74,53.74,53.742,10,4
1624957020,53.74,53.74,53.74,53.74,53.74,0,0
1624957080,53.74,53.74,53.74,53.74,53.74,0,0
1624957140,53.81,53.81,53.8,53.8,53.802,6,3
1624957200,53.76,53.76,53.75,53.75,53.752,16,4
1624957260,53.81,53.81,53.81,53.81,53.81,1,1
1624957320,53.81,53.81,53.81,53.81,53.81,1,1
1624957380,53.82,53.82,53.82,53.82,53.82,1,1
1624957440,53.82,53.82,53.82,53.82,53.82,0,0
1624957500,53.82,53.82,53.82,53.82,53.82,0,0
1624957560,53.8,53.8,53.8,53.8,53.8,1,1
1624957620,53.8,53.8,53.8,53.8,53.8,0,0
1624957680,53.8,53.8,53.8,53.8,53.8,0,0
1624957740,53.8,53.8,53.8,53.8,53.8,2,2
1624957800,53.8,53.8,53.8,53.8,53.8,9,6
1624957860,53.8,53.8,53.8,53.8,53.8,2,1
1624957920,53.8,53.8,53.8,53.8,53.8,0,0
1624957980,53.8,53.8,53.8,53.8,53.8,0,0
1624958040,53.81,53.81,53.8,53.8,53.801,9,7
1624958100,53.8,53.8,53.8,53.8,53.8,1,1
1624958160,53.8,53.8,53.8,53.8,53.8,0,0
1624958220,53.8,53.8,53.8,53.8,53.8,0,0
1624958280,53.8,53.8,53.8,53.8,53.8,0,0
1624958340,53.8,53.8,53.8,53.8,53.8,0,0
1624958400,53.97,53.97,53.92,53.92,53.945,2,2
1624958460,53.92,53.92,53.92,53.92,53.92,0,0
1624958520,53.92,53.92,53.92,53.92,53.92,0,0
1624958580,53.85,53.85,53.85,53.85,53.85,1,1
1624958640,53.81,53.81,53.8,53.8,53.805,2,2
1624958700,53.79,53.79,52.7,52.7,53.172,31,17
1624958760,53.7,53.7,53.67,53.7,53.696,8,6
1624958820,53.71,53.73,53.71,53.73,53.72,2,2
1624958880,53.74,53.8,53.74,53.8,53.791,12,4
1624958940,53.8,53.8,53.8,53.8,53.8,15,4
1624959000,53.8,53.8,53.8,53.8,53.8,0,0
1624959060,53.76,53.76,53.75,53.75,53.755,2,2
1624959120,53.77,53.77,53.77,53.77,53.77,3,2
1624959180,53.77,53.77,53.77,53.77,53.77,3,2
1624959240,53.77,53.77,53.77,53.77,53.77,0,0
1624959300,53.77,53.77,53.77,53.77,53.77,0,0
1624959360,53.76,53.76,53.76,53.76,53.76,1,1
1624959420,53.76,53.76,53.76,53.76,53.76,0,0
1624959480,53.76,53.76,53.76,53.76,53.76,0,0
1624959540,53.76,53.76,53.76,53.76,53.76,0,0
1624959600,53.76,53.76,53.76,53.76,53.76,0,0
1624959660,53.86,53.86,53.86,53.86,53.86,1,1
1624959720,53.85,53.85,53.85,53.85,53.85,1,1
1624959780,53.85,53.85,53.85,53.85,53.85,0,0
1624959840,53.89,53.89,53.89,53.89,53.89,1,1
1624959900,53.86,53.86,53.75,53.75,53.79,17,12
1624959960,53.69,53.7,53.69,53.7,53.692,5,2
1624960020,53.7,53.7,53.7,53.7,53.7,1,1
1624960080,53.73,53.73,53.73,53.73,53.73,1,1
1624960140,53.75,53.75,53.75,53.75,53.75,19,1
1624960200,53.74,53.74,53.74,53.74,53.74,3,1
1624960260,53.74,53.74,53.74,53.74,53.74,0,0
1624960320,53.72,53.72,53.72,53.72,53.72,2,1
1624960380,53.7,53.7,53.7,53.7,53.7,1,1
1624960440,53.69,53.69,53.63,53.63,53.668,9,4
1624960500,53.63,53.63,53.63,53.63,53.63,0,0
1624960560,53.64,53.64,53.64,53.64,53.64,1,1
1624960620,53.64,53.64,53.64,53.64,53.64,0,0
1624960680,53.64,53.64,53.64,53.64,53.64,0,0
1624960740,53.64,53.66,53.6,53.66,53.628,16,9
1624960800,53.66,53.66,53.66,53.66,53.66,0,0
1624960860,53.66,53.66,53.66,53.66,53.66,0,0
1624960920,53.66,53.66,53.66,53.66,53.66,2,1
1624960980,53.57,53.57,53.57,53.57,53.57,4,3
1624961040,53.57,53.57,53.57,53.57,53.57,1,1
1624961100,53.57,53.57,53.57,53.57,53.57,0,0
1624961160,53.57,53.57,53.57,53.57,53.57,0,0
1624961220,53.57,53.57,53.57,53.57,53.57,0,0
1624961280,53.57,53.57,53.57,53.57,53.57,0,0
1624961340,53.57,53.57,53.57,53.57,53.57,0,0
1624961400,53.57,53.57,53.57,53.57,53.57,0,0
1624961460,53.53,53.53,53.53,53.53,53.53,3,3
1624961520,53.54,53.54,53.54,53.54,53.54,1,1
1624961580,53.54,53.54,53.54,53.54,53.54,0,0
1624961640,53.54,53.54,53.52,53.52,53.529,4,4
1624961700,53.52,53.52,53.35,53.41,53.397,28,15
1624961760,53.44,53.44,53.3,53.3,53.4,14,9
1624961820,53.3,53.42,53.3,53.42,53.401,6,3
1624961880,53.25,53.26,53.22,53.24,53.24,16,7
1624961940,53.24,53.24,53.24,53.24,53.24,0,0
1624962000,53.43,53.43,53.43,53.43,53.43,3,3
1624962060,53.35,53.35,53.35,53.35,53.35,1,1
1624962120,53.35,53.35,53.35,53.35,53.35,2,1
1624962180,53.35,53.35,53.35,53.35,53.35,0,0
1624962240,53.35,53.35,53.35,53.35,53.35,0,0
1624962300,53.35,53.35,53.26,53.26,53.313,7,4
1624962360,53.26,53.26,53.26,53.26,53.26,0,0
1624962420,53.27,53.32,53.27,53.32,53.299,7,2
1624962480,53.32,53.32,53.32,53.32,53.32,0,0
1624962540,53.35,53.35,53.24,53.24,53.283,17,8
1624962600,53.22,53.23,53.03,53.03,53.099,34,16
1624962660,53.03,53.03,53.03,53.03,53.03,2,2
1624962720,53.05,53.1,53.05,53.1,53.071,3,2
1624962780,53.08,53.08,52.88,52.88,53.01,22,15
1624962840,52.88,52.88,52.86,52.87,52.867,30,12
1624962900,52.82,52.87,52.81,52.86,52.847,25,16
1624962960,52.94,52.94,52.76,52.76,52.858,15,9
1624963020,52.75,52.76,52.67,52.76,52.709,14,6
1624963080,52.72,52.78,52.72,52.78,52.745,2,2
1624963140,52.78,52.81,52.78,52.81,52.806,31,7
1624963200,52.99,53.29,52.92,53.19,53.076,62,18
1624963260,53.11,53.47,53.05,53.47,53.201,14,8
1624963320,53.2,53.22,53.2,53.2,53.207,10,5
1624963380,53.2,53.2,53.2,53.2,53.2,0,0
1624963440,53.22,53.24,53.22,53.24,53.232,3,2
1624963500,53.22,53.22,53.22,53.22,53.22,13,9
1624963560,53.25,53.25,53.25,53.25,53.25,5,2
1624963620,53.35,53.35,53.31,53.31,53.32,14,6
1624963680,53.29,53.29,53.22,53.22,53.242,29,8
1624963740,53.22,53.22,53.22,53.22,53.22,0,0
1624963800,53.3,53.3,53.3,53.3,53.3,2,1
1624963860,53.3,53.3,53.3,53.3,53.3,0,0
1624963920,53.33,53.33,53.33,53.33,53.33,1,1
1624963980,53.33,53.33,53.33,53.33,53.33,0,0
1624964040,53.33,53.33,53.33,53.33,53.33,0,0
1624964100,53.33,53.33,53.33,53.33,53.33,0,0
1624964160,53.38,53.39,53.38,53.39,53.385,6,5
1624964220,53.46,53.5,53.46,53.5,53.481,7,4
1624964280,53.6,53.68,53.56,53.68,53.586,18,9
1624964340,53.68,53.68,53.68,53.68,53.68,0,0
1624964400,53.51,53.68,53.5,53.5,53.555,34,17
1624964460,53.46,53.46,53.4,53.42,53.429,6,4
1624964520,53.45,53.45,53.45,53.45,53.45,1,1
1624964580,53.45,53.45,53.45,53.45,53.45,0,0
1624964640,53.45,53.5,53.45,53.5,53.474,3,2
1624964700,53.55,53.69,53.55,53.69,53.618,19,11
1624964760,53.69,53.69,53.69,53.69,53.69,0,0
1624964820,53.69,53.69,53.69,53.69,53.69,0,0
1624964880,53.65,53.65,53.65,53.65,53.65,1,1
1624964940,53.65,53.65,53.65,53.65,53.65,0,0
1624965000,53.55,53.55,53.55,53.55,53.55,1,1
1624965060,53.55,53.55,53.55,53.55,53.55,0,0
1624965120,53.45,53.45,53.33,53.33,53.386,18,7
1624965180,53.33,53.33,53.33,53.33,53.33,0,0
1624965240,53.33,53.33,53.3,53.3,53.318,15,3
1624965300,53.3,53.3,53.25,53.3,53.297,31,8
1624965360,53.31,53.35,53.31,53.35,53.337,3,2
1624965420,53.35,53.35,53.35,53.35,53.35,0,0
1624965480,53.35,53.35,53.35,53.35,53.35,3,2
1624965540,53.31,53.31,53.31,53.31,53.31,3,1
1624965600,53.31,53.31,53.3,53.3,53.306,11,4
1624965660,53.3,53.3,53.3,53.3,53.3,4,2
1624965720,53.3,53.3,53.3,53.3,53.3,0,0
1624965780,53.25,53.25,53.25,53.25,53.25,5,2
1624965840,53.21,53.21,53.21,53.21,53.21,3,3
1624965900,53.21,53.26,53.21,53.26,53.243,7,3
1624965960,53.26,53.26,53.26,53.26,53.26,0,0
1624966020,53.23,53.23,53.23,53.23,53.23,1,1
1624966080,53.22,53.22,53.22,53.22,53.22,1,1
1624966140,53.21,53.21,53.21,53.21,53.21,1,1
1624966200,53.2,53.21,53.2,53.2,53.201,18,7
1624966260,53.2,53.2,53.11,53.11,53.183,59,9
1624966320,53.1,53.1,53.06,53.06,53.064,58,20
1624966380,53.06,53.07,52.91,52.96,53.023,138,32
1624966440,52.98,52.98,52.82,52.82,52.919,35,20
1624966500,52.84,52.9,52.8,52.9,52.87,46,21
1624966560,52.95,52.95,52.92,52.93,52.934,6,4
1624966620,52.97,53.06,52.97,53.02,53.019,21,16
1624966680,53.05,53.1,53.02,53.09,53.059,7,4
1624966740,53.09,53.1,53.05,53.05,53.083,6,5
1624966800,53.04,53.04,53.01,53.01,53.023,6,4
1624966860,52.94,52.95,52.94,52.94,52.941,16,7
1624966920,52.95,53.08,52.95,53.08,53.004,37,13
1624966980,53.05,53.05,53.05,53.05,53.05,2,1
1624967040,53.04,53.05,53.04,53.05,53.042,9,3
1624967100,53.09,53.09,53.0,53.0,53.019,24,11
1624967160,53.0,53.0,53.0,53.0,53.0,0,0
1624967220,52.98,53.0,52.97,53.0,52.985,4,4
1624967280,52.99,53.0,52.99,53.0,53.0,20,3
1624967340,52.98,52.98,52.9,52.94,52.968,26,8
1624967400,52.95,52.95,52.83,52.9,52.884,22,9
1624967460,52.95,52.95,52.9,52.9,52.913,9,5
1624967520,52.84,52.86,52.84,52.84,52.842,13,5
1624967580,52.84,52.84,52.84,52.84,52.84,49,7
1624967640,52.84,52.9,52.84,52.9,52.866,74,18
1624967700,52.89,52.9,52.89,52.9,52.896,7,3
1624967760,52.9,52.9,52.9,52.9,52.9,0,0
1624967820,52.9,52.9,52.9,52.9,52.9,0,0
1624967880,52.92,52.92,52.9,52.9,52.91,4,3
1624967940,52.88,52.88,52.84,52.84,52.855,17,6
1624968000,53.66,53.7,52.79,52.84,53.199,919,215
1624968060,52.88,52.9,52.83,52.84,52.855,23,12
1624968120,52.85,52.85,52.83,52.85,52.834,36,8
1624968180,52.84,52.84,52.83,52.84,52.835,15,7
1624968240,52.84,52.85,52.84,52.85,52.846,9,4
1624968300,52.9,52.9,52.85,52.85,52.866,10,6
1624968360,52.84,52.85,52.84,52.85,52.84,66,8
1624968420,52.85,52.85,52.83,52.85,52.845,25,9
1624968480,52.84,52.89,52.83,52.89,52.848,81,12
1624968540,52.86,52.9,52.85,52.89,52.875,16,13
1624968600,52.89,53.2,52.89,53.2,53.156,129,26
1624968660,53.2,53.26,53.2,53.2,53.23,29,15
1624968720,53.21,53.24,53.2,53.2,53.21,33,6
1624968780,53.23,53.29,53.17,53.29,53.233,17,7
1624968840,53.3,53.3,53.21,53.21,53.272,38,7
1624968900,53.21,53.31,53.21,53.22,53.275,26,9
1624968960,53.26,53.26,53.22,53.23,53.239,21,6
1624969020,53.23,53.23,53.2,53.21,53.218,42,8
1624969080,53.02,53.15,53.0,53.03,53.033,115,9
1624969140,53.01,53.05,53.0,53.05,53.013,115,21
1624969200,53.09,53.1,53.09,53.09,53.098,24,7
1624969260,53.19,53.19,53.19,53.19,53.19,2,1
1624969320,53.19,53.19,53.19,53.19,53.19,93,4
1624969380,53.11,53.11,53.1,53.1,53.101,15,6
1624969440,53.19,53.19,53.18,53.19,53.189,8,2
1624969500,53.11,53.19,53.1,53.1,53.17,46,7
1624969560,53.19,53.19,53.01,53.03,53.072,14,7
1624969620,53.1,53.1,53.1,53.1,53.1,1,1
1624969680,53.18,53.19,53.01,53.09,53.154,132,11
1624969740,53.09,53.1,53.0,53.0,53.084,45,4
1624969800,53.0,53.0,52.88,52.88,52.928,114,21
1624969860,52.86,52.87,52.86,52.86,52.861,7,5
1624969920,52.86,52.86,52.82,52.86,52.838,36,15
1624969980,52.9,52.9,52.85,52.9,52.887,11,4
1624970040,52.97,53.0,52.91,53.0,52.923,147,15
1624970100,53.0,53.01,52.97,52.97,52.991,3,3
1624970160,52.92,52.92,52.86,52.86,52.911,111,20
1624970220,52.85,52.85,52.66,52.73,52.755,240,59
1624970280,52.7,52.88,52.7,52.75,52.78,25,10
1624970340,52.83,52.85,52.8,52.82,52.82,37,12
1624970400,52.88,52.88,52.81,52.88,52.825,116,8
1624970460,52.88,53.0,52.88,52.98,52.983,167,19
1624970520,52.99,52.99,52.85,52.91,52.907,16,7
1624970580,52.9,52.95,52.9,52.95,52.932,28,4
1624970640,52.92,52.94,52.88,52.88,52.908,29,9
1624970700,52.81,52.92,52.8,52.81,52.82,269,16
1624970760,52.8,52.81,52.7,52.75,52.761,36,20
1624970820,52.78,52.79,52.72,52.79,52.749,76,28
1624970880,52.81,52.89,52.81,52.88,52.83,23,7
1624970940,52.88,52.88,52.8,52.87,52.851,33,5
1624971000,52.8,52.85,52.8,52.82,52.803,22,8
1624971060,52.77,52.8,52.72,52.77,52.744,24,17
1624971120,52.73,52.73,52.58,52.6,52.661,111,46
1624971180,52.57,52.66,52.51,52.65,52.589,212,63
1624971240,52.64,52.7,52.56,52.6,52.629,94,24
1624971300,52.58,52.61,52.56,52.6,52.594,140,47
1624971360,52.58,52.65,52.57,52.65,52.616,79,20
1624971420,52.69,52.74,52.65,52.74,52.701,53,11
1624971480,52.75,52.82,52.74,52.75,52.757,65,28
1624971540,52.75,52.81,52.75,52.8,52.799,122,12
1624971600,52.81,52.81,52.7,52.78,52.753,64,20
1624971660,52.78,52.78,52.67,52.67,52.733,44,14
1624971720,52.7,52.75,52.57,52.57,52.632,73,21
1624971780,52.58,52.7,52.57,52.62,52.621,60,18
1624971840,52.64,52.7,52.61,52.61,52.653,38,14
1624971900,52.61,52.62,52.56,52.57,52.608,156,21
1624971960,52.56,52.59,52.56,52.57,52.571,105,40
1624972020,52.57,52.75,52.55,52.75,52.637,105,26
1624972080,52.77,52.85,52.77,52.8,52.83,106,16
1624972140,52.8,52.82,52.69,52.69,52.774,22,14
1624972200,52.65,52.7,52.58,52.69,52.657,33,15
1624972260,52.65,52.82,52.65,52.8,52.769,88,17
1624972320,52.72,52.8,52.68,52.8,52.691,43,8
1624972380,52.79,52.8,52.7,52.7,52.754,15,10
1624972440,52.75,52.8,52.72,52.8,52.769,51,13
1624972500,52.79,52.8,52.75,52.75,52.783,47,15
1624972560,52.72,52.75,52.6,52.6,52.678,50,23
1624972620,52.63,52.65,52.6,52.63,52.631,68,15
1624972680,52.63,52.7,52.6,52.7,52.642,12,8
1624972740,52.7,52.74,52.7,52.73,52.717,16,8
1624972800,52.73,52.76,52.63,52.75,52.705,51,19
1624972860,52.7,52.73,52.38,52.38,52.571,459,98
1624972920,52.4,52.43,52.24,52.24,52.37,325,58
1624972980,52.2,52.6,52.12,52.6,52.205,376,75
1624973040,52.56,52.58,52.15,52.22,52.249,122,43
1624973100,52.21,52.24,52.16,52.22,52.193,197,45
1624973160,52.18,52.41,52.15,52.21,52.329,230,49
1624973220,52.21,52.35,52.21,52.29,52.286,145,38
1624973280,52.3,52.54,52.15,52.37,52.226,166,57
1624973340,52.45,52.54,52.2,52.2,52.247,322,82
1624973400,52.2,52.45,51.47,51.5,52.051,10732,2569
1624973460,51.51,51.88,51.4,51.77,51.623,4371,1740
1624973520,51.77,51.93,51.31,51.35,51.602,3693,1259
1624973580,51.33,51.98,51.32,51.87,51.729,2688,1038
1624973640,51.93,52.95,51.79,52.81,52.377,6257,1956
1624973700,52.86,53.15,52.75,52.95,52.954,4447,1461
1624973760,52.91,53.14,52.73,53.05,52.956,2602,994
1624973820,53.05,53.6,52.9,53.02,53.263,5062,1815
1624973880,53.03,53.27,52.81,52.93,53.072,2605,918
1624973940,52.92,53.47,52.92,53.47,53.174,2391,735
1624974000,53.45,53.48,52.54,52.94,52.898,4844,1591
1624974060,52.92,53.21,52.8,52.98,53.029,2317,773
1624974120,53.0,53.1,52.54,52.6,52.833,1943,752
1624974180,52.61,52.85,52.43,52.61,52.67,2835,852
1624974240,52.57,52.75,52.5,52.52,52.609,1412,560
1624974300,52.54,52.79,52.15,52.32,52.455,3059,1084
1624974360,52.29,52.4,51.95,52.07,52.116,4655,1233
1624974420,52.12,52.18,51.84,52.02,51.998,3538,1108
1624974480,52.0,52.16,51.87,52.03,52.024,1861,635
1624974540,52.02,52.11,51.91,51.99,52.027,1724,669
1624974600,51.96,52.1,51.73,52.09,51.939,2702,913
1624974660,52.09,52.13,51.86,51.86,52.053,1688,601
1624974720,51.85,52.0,51.58,51.78,51.746,2751,950
1624974780,51.79,51.96,51.72,51.86,51.83,1907,510
1624974840,51.84,51.85,51.56,51.72,51.7,1703,647
1624974900,51.71,52.04,51.68,51.77,51.907,2253,755
1624974960,51.8,52.11,51.69,52.09,51.928,1950,627
1624975020,52.09,52.2,51.86,51.9,52.009,2092,667
1624975080,51.9,51.94,51.57,51.73,51.738,2205,854
1624975140,51.71,51.77,51.46,51.53,51.56,2191,736
1624975200,51.52,51.53,51.07,51.33,51.314,3523,1192
1624975260,51.33,51.46,51.31,51.38,51.382,2211,646
1624975320,51.38,51.5,51.3,51.44,51.407,1552,501
1624975380,51.42,51.54,51.16,51.16,51.296,2374,763
1624975440,51.16,51.25,50.86,50.87,50.998,5337,1749
1624975500,50.9,50.96,50.6,50.63,50.804,5253,1396
1624975560,50.64,50.8,50.55,50.69,50.655,4001,1251
1624975620,50.66,50.73,50.44,50.58,50.596,4160,1271
1624975680,50.58,50.73,50.43,50.55,50.587,3165,921
1624975740,50.54,50.73,50.54,50.67,50.665,1696,484
1624975800,50.69,50.76,50.6,50.68,50.687,2160,720
1624975860,50.7,50.78,50.47,50.55,50.633,2465,777
1624975920,50.55,50.65,50.4,50.5,50.504,2514,867
1624975980,50.51,50.7,50.45,50.48,50.575,2209,683
1624976040,50.47,50.6,50.39,50.51,50.487,2437,699
1624976100,50.53,50.79,50.37,50.49,50.609,3733,1134
1624976160,50.5,50.53,50.29,50.35,50.389,2069,660
1624976220,50.36,50.46,50.19,50.38,50.302,2617,729
1624976280,50.37,50.43,50.23,50.23,50.328,1807,511
1624976340,50.22,50.26,49.82,50.04,50.018,8705,2610
1624976400,50.03,50.15,49.84,49.93,50.013,4323,1435
1624976460,49.93,50.16,49.71,50.07,49.92,5818,1629
1624976520,50.03,50.07,49.82,50.0,49.943,2685,799
1624976580,49.99,50.06,49.81,49.88,49.946,1896,696
1624976640,49.89,50.17,49.87,50.09,50.062,2556,882
1624976700,50.11,50.25,50.06,50.2,50.194,2483,836
1624976760,50.2,50.25,49.9,49.92,50.143,2378,702
1624976820,49.93,50.27,49.81,50.25,50.021,2383,792
1624976880,50.23,50.4,50.16,50.4,50.326,3118,906
1624976940,50.39,50.61,50.37,50.57,50.487,3644,1197
1624977000,50.57,50.6,50.46,50.52,50.561,2565,800
1624977060,50.52,50.6,50.38,50.43,50.508,1952,521
1624977120,50.43,50.43,50.11,50.16,50.239,2134,579
1624977180,50.19,50.3,49.96,50.24,50.136,2406,715
1624977240,50.25,50.47,50.21,50.35,50.341,1694,493
1624977300,50.38,50.5,50.15,50.16,50.351,1542,492
1624977360,50.15,50.38,50.13,50.37,50.231,1006,331
1624977420,50.4,50.5,50.29,50.36,50.429,2038,541
1624977480,50.38,50.48,50.29,50.4,50.385,1251,349
1624977540,50.39,50.41,50.13,50.29,50.252,1123,351
1624977600,50.29,50.41,50.24,50.34,50.342,1032,331
1624977660,50.34,50.69,50.14,50.64,50.416,2270,718
1624977720,50.66,50.76,50.48,50.7,50.656,2286,672
1624977780,50.7,50.7,50.54,50.56,50.639,1461,482
1624977840,50.55,50.78,50.55,50.64,50.673,1759,548
1624977900,50.63,50.73,50.53,50.7,50.632,1890,525
1624977960,50.72,50.77,50.48,50.55,50.599,1947,643
1624978020,50.56,50.58,50.36,50.39,50.454,1233,425
1624978080,50.38,50.41,49.93,49.96,50.088,2879,941
1624978140,49.95,50.06,49.74,49.8,49.94,2821,911
1624978200,49.8,50.0,49.76,49.92,49.931,1412,478
1624978260,49.92,49.99,49.83,49.89,49.903,1581,500
1624978320,49.89,49.9,49.66,49.76,49.778,2560,840
1624978380,49.75,49.83,49.42,49.54,49.603,3417,1096
1624978440,49.54,49.75,49.51,49.69,49.646,2077,714
1624978500,49.7,49.76,49.51,49.6,49.653,1338,421
1624978560,49.64,49.7,49.4,49.44,49.495,2121,689
1624978620,49.44,49.47,49.27,49.3,49.351,2873,760
1624978680,49.3,49.52,49.25,49.51,49.359,2732,753
1624978740,49.5,49.58,49.49,49.53,49.527,1477,462
1624978800,49.55,49.67,49.42,49.5,49.548,1652,508
1624978860,49.49,49.64,49.45,49.54,49.571,1054,334
1624978920,49.53,49.64,49.46,49.58,49.552,993,342
1624978980,49.56,49.58,49.32,49.45,49.491,1079,409
1624979040,49.42,49.44,49.02,49.05,49.197,2720,720
1624979100,49.04,49.18,49.0,49.02,49.058,3048,951
1624979160,49.01,49.24,49.01,49.04,49.149,1639,584
1624979220,49.04,49.08,48.87,49.06,48.993,4163,1253
1624979280,49.04,49.04,48.82,48.86,48.9,2056,595
1624979340,48.87,48.96,48.79,48.89,48.872,3220,832
1624979400,48.89,49.04,48.89,49.01,48.975,1972,479
1624979460,49.02,49.02,48.82,48.94,48.904,1649,469
1624979520,48.94,49.07,48.85,48.85,48.992,1920,499
1624979580,48.87,49.2,48.79,49.1,49.003,2950,923
1624979640,49.09,49.18,48.97,49.16,49.108,1701,517
1624979700,49.18,49.22,49.11,49.16,49.183,1891,582
1624979760,49.14,49.15,48.87,49.04,49.003,1421,490
1624979820,49.05,49.07,48.88,49.01,48.992,840,325
1624979880,49.01,49.29,48.99,49.25,49.192,1804,451
1624979940,49.25,49.46,49.17,49.44,49.311,2272,719
1624980000,49.43,49.5,49.31,49.47,49.429,1605,513
1624980060,49.46,49.48,49.23,49.3,49.383,1323,356
1624980120,49.3,49.32,49.17,49.23,49.256,784,266
1624980180,49.23,49.25,49.05,49.06,49.191,819,265
1624980240,49.07,49.2,49.0,49.12,49.087,1040,354
1624980300,49.09,49.15,49.0,49.04,49.058,1013,266
1624980360,49.05,49.11,49.0,49.07,49.054,808,231
1624980420,49.07,49.25,49.01,49.21,49.14,749,244
1624980480,49.2,49.25,49.08,49.16,49.183,641,193
1624980540,49.13,49.22,49.03,49.19,49.121,616,240
1624980600,49.2,49.23,49.13,49.21,49.179,368,160
1624980660,49.23,49.34,49.22,49.29,49.292,1008,313
1624980720,49.28,49.47,49.26,49.42,49.388,1050,376
1624980780,49.42,49.45,49.31,49.39,49.374,831,262
1624980840,49.4,49.42,49.32,49.32,49.377,857,215
1624980900,49.35,49.49,48.86,48.95,49.175,3091,842
1624980960,48.95,49.05,48.37,48.5,48.584,5269,1574
1624981020,48.51,48.54,48.29,48.49,48.422,3056,848
1624981080,48.51,48.51,48.42,48.5,48.457,1661,432
1624981140,48.49,48.5,48.31,48.37,48.401,1758,426
1624981200,48.36,48.4,48.2,48.23,48.284,2338,610
1624981260,48.21,48.4,48.2,48.31,48.296,1727,528
1624981320,48.29,48.39,48.26,48.36,48.326,1061,304
1624981380,48.38,48.4,48.18,48.35,48.268,1962,520
1624981440,48.35,48.39,48.27,48.32,48.317,932,287
1624981500,48.36,48.4,47.91,48.02,48.077,3298,945
1624981560,48.03,48.04,47.89,47.91,47.949,2914,829
1624981620,47.93,47.99,47.82,47.96,47.901,2536,649
1624981680,47.95,48.0,47.8,47.84,47.908,1780,493
1624981740,47.84,47.92,47.79,47.84,47.846,1674,497
1624981800,47.85,47.99,47.82,47.95,47.91,1375,409
1624981860,47.93,47.96,47.64,47.7,47.776,2615,840
1624981920,47.69,47.77,47.63,47.72,47.686,2707,664
1624981980,47.73,47.83,47.68,47.79,47.768,1786,480
1624982040,47.79,47.98,47.73,47.98,47.876,2363,684
1624982100,47.97,48.02,47.93,47.98,47.99,3246,768
1624982160,47.99,48.09,47.99,48.07,48.042,2222,595
1624982220,48.07,48.25,48.03,48.19,48.128,1873,544
1624982280,48.2,48.23,48.05,48.23,48.153,1567,373
1624982340,48.24,48.5,48.22,48.44,48.343,3159,915
1624982400,48.46,48.61,48.33,48.51,48.457,2791,768
1624982460,48.54,48.54,48.31,48.41,48.41,1535,524
1624982520,48.41,48.54,48.35,48.39,48.443,1409,303
1624982580,48.39,48.6,48.3,48.56,48.438,1816,474
1624982640,48.53,48.69,48.45,48.68,48.585,1766,461
1624982700,48.68,48.68,48.5,48.5,48.573,1212,311
1624982760,48.51,48.53,48.16,48.26,48.324,1791,575
1624982820,48.3,48.61,48.27,48.6,48.454,1321,399
1624982880,48.6,48.88,48.6,48.85,48.739,2778,724
1624982940,48.84,48.92,48.82,48.85,48.873,1965,521
1624983000,48.89,49.06,48.86,49.02,48.98,2348,720
1624983060,49.02,49.16,48.93,49.12,49.039,2162,597
1624983120,49.12,49.22,49.0,49.21,49.1,1842,590
1624983180,49.21,49.26,49.05,49.06,49.167,1889,521
1624983240,49.06,49.07,48.82,48.93,48.95,1644,511
1624983300,48.9,49.0,48.82,48.99,48.885,1374,371
1624983360,48.96,49.15,48.96,49.07,49.08,1312,403
1624983420,49.08,49.13,49.0,49.08,49.073,1094,291
1624983480,49.08,49.08,48.88,49.0,48.971,902,291
1624983540,49.02,49.24,49.01,49.2,49.157,1276,343
1624983600,49.2,49.31,49.2,49.25,49.251,1263,384
1624983660,49.28,49.28,49.02,49.13,49.143,1036,270
1624983720,49.14,49.23,49.01,49.03,49.113,852,215
1624983780,49.04,49.16,48.93,49.14,49.02,1114,315
1624983840,49.13,49.21,49.13,49.17,49.163,741,183
1624983900,49.17,49.2,48.91,48.94,49.087,1011,265
1624983960,48.94,49.08,48.85,48.85,48.943,1059,316
1624984020,48.85,48.88,48.7,48.85,48.789,1265,367
1624984080,48.87,48.87,48.7,48.73,48.75,906,215
1624984140,48.72,48.81,48.7,48.76,48.755,620,187
1624984200,48.76,48.9,48.76,48.83,48.837,650,173
1624984260,48.84,48.96,48.83,48.93,48.909,516,171
1624984320,48.93,49.17,48.92,49.14,49.061,943,285
1624984380,49.14,49.27,49.1,49.25,49.18,1248,360
1624984440,49.25,49.39,49.15,49.23,49.295,1912,491
1624984500,49.22,49.25,49.0,49.05,49.095,1311,367
1624984560,49.05,49.15,48.97,49.12,49.076,647,185
1624984620,49.11,49.25,49.08,49.22,49.191,819,200
1624984680,49.25,49.45,49.23,49.44,49.373,1473,417
1624984740,49.43,49.43,49.26,49.35,49.378,830,217
1624984800,49.32,49.41,49.28,49.36,49.353,623,198
1624984860,49.36,49.44,49.35,49.41,49.388,831,194
1624984920,49.41,49.5,49.37,49.46,49.458,1073,340
1624984980,49.45,49.46,49.25,49.27,49.35,1220,313
1624985040,49.26,49.28,49.15,49.25,49.217,758,279
1624985100,49.25,49.35,49.18,49.32,49.281,716,234
1624985160,49.3,49.33,49.1,49.2,49.187,889,247
1624985220,49.2,49.21,49.03,49.04,49.102,962,273
1624985280,49.04,49.04,48.88,48.97,48.974,1015,320
1624985340,48.95,49.03,48.95,49.03,48.998,660,171
1624985400,49.02,49.15,49.0,49.05,49.09,1211,328
1624985460,49.06,49.11,49.0,49.0,49.049,491,165
1624985520,49.03,49.03,48.95,48.97,48.98,576,156
1624985580,48.98,48.99,48.72,48.76,48.828,912,299
1624985640,48.76,48.76,48.5,48.54,48.594,2447,711
1624985700,48.54,48.69,48.51,48.62,48.59,1015,295
1624985760,48.64,48.65,48.21,48.24,48.401,2150,583
1624985820,48.23,48.31,48.01,48.19,48.156,4471,1048
1624985880,48.16,48.25,47.91,48.01,48.076,2877,711
1624985940,48.01,48.17,48.01,48.04,48.097,1190,287
1624986000,48.04,48.15,47.91,48.09,48.038,1568,475
1624986060,48.07,48.22,48.04,48.11,48.115,1521,431
1624986120,48.1,48.1,47.79,47.86,47.891,2551,659
1624986180,47.88,47.89,47.66,47.74,47.739,2143,596
1624986240,47.75,47.86,47.65,47.77,47.741,1967,589
1624986300,47.77,47.9,47.77,47.82,47.855,1131,402
1624986360,47.81,47.92,47.76,47.91,47.859,1117,384
1624986420,47.9,47.99,47.88,47.9,47.93,1258,439
1624986480,47.9,47.95,47.76,47.8,47.836,1325,395
1624986540,47.79,47.8,47.36,47.44,47.54,3983,1119
1624986600,47.43,47.56,47.38,47.44,47.463,1716,519
1624986660,47.43,47.65,47.42,47.64,47.549,1288,348
1624986720,47.64,47.67,47.5,47.63,47.611,1248,330
1624986780,47.61,47.79,47.5,47.75,47.643,1575,384
1624986840,47.76,47.8,47.59,47.72,47.709,1422,362
1624986900,47.73,47.8,47.66,47.74,47.725,820,223
1624986960,47.72,47.76,47.51,47.53,47.68,808,248
1624987020,47.53,47.85,47.4,47.85,47.608,2104,574
1624987080,47.85,47.99,47.84,47.95,47.93,2376,601
1624987140,47.95,47.97,47.81,47.95,47.911,1028,261
1624987200,47.94,47.97,47.8,47.82,47.884,1020,295
1624987260,47.81,47.94,47.81,47.91,47.873,911,219
1624987320,47.9,47.99,47.8,47.93,47.924,962,316
1624987380,47.95,48.06,47.9,48.01,47.982,993,261
1624987440,48.01,48.04,47.85,47.95,47.978,716,232
1624987500,47.95,47.99,47.85,47.85,47.903,695,215
1624987560,47.85,47.86,47.51,47.52,47.609,1441,417
1624987620,47.51,47.6,47.4,47.41,47.49,1559,408
1624987680,47.43,47.66,47.41,47.6,47.555,986,312
1624987740,47.61,47.68,47.58,47.64,47.638,505,157
1624987800,47.65,47.69,47.56,47.67,47.634,741,191
1624987860,47.68,47.84,47.66,47.83,47.724,792,210
1624987920,47.81,47.84,47.71,47.8,47.765,564,155
1624987980,47.78,47.84,47.59,47.68,47.716,638,198
1624988040,47.68,47.73,47.64,47.7,47.689,537,207
1624988100,47.7,48.02,47.7,48.02,47.897,1287,430
1624988160,48.0,48.02,47.7,47.84,47.87,1012,345
1624988220,47.83,48.1,47.81,48.02,48.005,972,273
1624988280,48.05,48.08,47.96,48.08,48.04,701,183
1624988340,48.08,48.18,47.92,47.97,48.074,1493,418
1624988400,47.97,48.01,47.9,47.98,47.948,1111,265
1624988460,47.99,48.04,47.93,47.97,47.98,544,166
1624988520,47.96,47.97,47.9,47.95,47.933,578,146
1624988580,47.95,48.02,47.9,48.02,47.966,478,126
1624988640,48.02,48.18,48.01,48.15,48.118,828,193
1624988700,48.15,48.2,47.96,48.03,48.094,1172,305
1624988760,48.01,48.08,48.01,48.05,48.051,493,123
1624988820,48.04,48.1,48.03,48.07,48.071,304,120
1624988880,48.08,48.14,47.9,47.99,48.0,947,241
1624988940,47.95,48.04,47.94,47.98,47.99,315,118
1624989000,47.97,48.08,47.96,48.05,48.015,384,102
1624989060,48.04,48.05,47.72,47.75,47.863,884,282
1624989120,47.75,47.75,47.62,47.66,47.689,985,297
1624989180,47.67,47.76,47.66,47.7,47.736,416,172
1624989240,47.71,47.71,47.5,47.5,47.539,1853,455
1624989300,47.51,47.58,47.36,47.4,47.472,1461,464
1624989360,47.41,47.57,47.31,47.54,47.418,1602,428
1624989420,47.54,47.56,47.42,47.5,47.488,500,199
1624989480,47.5,47.61,47.44,47.59,47.523,825,247
1624989540,47.57,47.63,47.47,47.61,47.556,783,234
1624989600,47.63,47.66,47.55,47.62,47.608,951,313
1624989660,47.62,47.73,47.61,47.72,47.671,713,218
1624989720,47.7,47.71,47.52,47.65,47.627,783,220
1624989780,47.65,47.66,47.6,47.63,47.633,283,91
1624989840,47.63,47.64,47.55,47.58,47.589,408,128
1624989900,47.58,47.58,47.46,47.52,47.513,646,200
1624989960,47.51,47.59,47.42,47.51,47.516,795,281
1624990020,47.51,47.56,47.4,47.45,47.478,438,170
1624990080,47.44,47.52,47.43,47.48,47.491,461,150
1624990140,47.48,47.5,47.37,47.4,47.44,772,256
1624990200,47.4,47.63,47.4,47.62,47.532,1115,339
1624990260,47.62,47.67,47.56,47.64,47.638,804,263
1624990320,47.64,47.8,47.64,47.79,47.728,734,227
1624990380,47.79,47.85,47.66,47.85,47.758,892,273
1624990440,47.85,47.87,47.74,47.79,47.79,576,190
1624990500,47.8,47.91,47.71,47.86,47.828,839,319
1624990560,47.85,47.93,47.74,47.83,47.837,810,258
1624990620,47.83,47.86,47.74,47.78,47.797,524,199
1624990680,47.78,47.78,47.63,47.66,47.707,550,213
1624990740,47.67,47.71,47.52,47.65,47.601,521,231
1624990800,47.65,47.67,47.59,47.61,47.622,355,120
1624990860,47.62,47.74,47.6,47.62,47.682,539,185
1624990920,47.63,47.66,47.59,47.62,47.625,240,101
1624990980,47.62,47.65,47.55,47.64,47.582,334,115
1624991040,47.64,47.65,47.6,47.6,47.636,280,123
1624991100,47.59,47.59,47.42,47.46,47.489,870,258
1624991160,47.46,47.5,47.36,47.5,47.454,842,287
1624991220,47.5,47.52,47.13,47.14,47.323,1589,484
1624991280,47.13,47.3,47.13,47.21,47.237,1220,331
1624991340,47.2,47.21,47.06,47.17,47.134,1380,423
1624991400,47.16,47.18,47.05,47.13,47.112,1527,320
1624991460,47.13,47.21,47.11,47.19,47.162,936,289
1624991520,47.19,47.21,47.1,47.1,47.16,817,185
1624991580,47.1,47.1,46.9,46.91,46.96,2926,799
1624991640,46.93,46.98,46.75,46.75,46.846,2023,551
1624991700,46.75,46.83,46.6,46.63,46.703,3027,686
1624991760,46.64,46.65,46.5,46.59,46.541,4156,952
1624991820,46.59,46.67,46.51,46.56,46.588,1787,433
1624991880,46.58,46.6,46.31,46.36,46.446,2708,673
1624991940,46.35,46.42,46.28,46.35,46.352,2694,588
1624992000,46.36,46.36,46.23,46.28,46.29,2191,481
1624992060,46.28,46.32,46.21,46.29,46.273,1756,426
1624992120,46.28,46.32,46.24,46.31,46.29,1530,391
1624992180,46.3,46.35,46.15,46.35,46.239,2257,529
1624992240,46.34,46.46,46.16,46.19,46.336,3566,808
1624992300,46.17,46.24,46.03,46.2,46.114,2522,731
1624992360,46.2,46.39,46.15,46.29,46.273,1921,558
1624992420,46.28,46.43,46.28,46.36,46.373,1765,516
1624992480,46.36,46.48,46.33,46.42,46.412,1233,462
1624992540,46.43,46.47,46.4,46.41,46.432,859,308
1624992600,46.4,46.48,46.25,46.25,46.409,969,330
1624992660,46.25,46.41,46.25,46.36,46.324,804,227
1624992720,46.36,46.36,46.06,46.16,46.2,1620,469
1624992780,46.18,46.26,46.03,46.2,46.131,1500,449
1624992840,46.19,46.21,45.97,46.08,46.047,1648,568
1624992900,46.08,46.35,46.04,46.35,46.207,1459,379
1624992960,46.35,46.45,46.29,46.39,46.368,1439,424
1624993020,46.39,46.55,46.32,46.35,46.458,2240,604
1624993080,46.37,46.48,46.34,46.38,46.411,849,290
1624993140,46.37,46.39,46.17,46.22,46.258,1364,452
1624993200,46.23,46.37,46.23,46.35,46.309,741,262
1624993260,46.34,46.56,46.32,46.56,46.443,1316,395
1624993320,46.56,46.6,46.45,46.48,46.553,2010,646
1624993380,46.46,46.55,46.41,46.47,46.489,619,234
1624993440,46.47,46.47,46.27,46.33,46.354,943,336
1624993500,46.34,46.38,46.21,46.23,46.285,821,328
1624993560,46.23,46.38,46.23,46.38,46.32,834,310
1624993620,46.37,46.55,46.35,46.51,46.443,786,279
1624993680,46.52,46.6,46.44,46.54,46.526,1358,393
1624993740,46.55,46.6,46.5,46.51,46.548,1283,451
1624993800,46.51,46.53,46.49,46.53,46.507,505,198
1624993860,46.53,46.67,46.52,46.57,46.604,1307,358
1624993920,46.56,46.6,46.4,46.41,46.519,984,306
1624993980,46.44,46.65,46.42,46.63,46.57,921,382
1624994040,46.62,46.73,46.56,46.69,46.666,1016,327
1624994100,46.68,46.78,46.61,46.73,46.7,1017,327
1624994160,46.73,46.79,46.61,46.73,46.696,1005,357
1624994220,46.72,46.89,46.65,46.88,46.771,1300,320
1624994280,46.89,46.95,46.81,46.93,46.895,1364,401
1624994340,46.93,46.99,46.84,46.88,46.91,1128,351
1624994400,46.87,46.93,46.75,46.76,46.86,744,247
1624994460,46.76,46.9,46.71,46.84,46.81,906,298
1624994520,46.84,46.95,46.77,46.91,46.879,1280,344
1624994580,46.92,46.93,46.77,46.92,46.85,527,183
1624994640,46.92,46.92,46.79,46.9,46.881,488,179
1624994700,46.9,47.0,46.89,46.97,46.965,877,286
1624994760,46.97,46.97,46.86,46.94,46.907,821,207
1624994820,46.93,46.98,46.85,46.87,46.91,459,170
1624994880,46.85,47.0,46.85,46.94,46.912,691,241
1624994940,46.96,47.18,46.93,47.11,47.072,1738,610
1624995000,47.11,47.21,47.1,47.19,47.147,1773,500
1624995060,47.2,47.23,47.14,47.21,47.174,1500,450
1624995120,47.19,47.35,47.18,47.32,47.278,1679,483
1624995180,47.32,47.38,47.28,47.37,47.31,739,246
1624995240,47.36,47.39,47.21,47.31,47.337,1168,370
1624995300,47.31,47.35,47.1,47.22,47.184,1373,375
1624995360,47.22,47.39,47.2,47.37,47.299,1026,314
1624995420,47.38,47.39,47.3,47.38,47.342,986,351
1624995480,47.38,47.55,47.38,47.53,47.461,1260,415
1624995540,47.52,47.56,47.31,47.41,47.478,2013,544
1624995600,47.38,47.47,47.21,47.41,47.319,1669,454
1624995660,47.41,47.44,47.31,47.32,47.367,680,229
1624995720,47.31,47.32,47.01,47.07,47.099,1698,530
1624995780,47.05,47.18,47.02,47.1,47.106,990,297
1624995840,47.09,47.16,46.83,46.84,47.021,1299,450
1624995900,46.85,46.88,46.63,46.78,46.753,2288,636
1624995960,46.78,46.95,46.77,46.86,46.86,794,318
1624996020,46.86,46.86,46.74,46.78,46.788,528,214
1624996080,46.78,46.81,46.75,46.79,46.78,484,226
1624996140,46.78,47.02,46.78,47.0,46.891,1055,432
1624996200,46.98,47.02,46.88,47.0,46.981,1018,385
1624996260,47.0,47.1,47.0,47.03,47.037,836,306
1624996320,47.03,47.15,47.02,47.14,47.082,654,254
1624996380,47.15,47.28,47.13,47.18,47.202,1442,459
1624996440,47.18,47.28,47.17,47.22,47.233,1258,428
1624996500,47.21,47.21,47.04,47.08,47.108,1121,435
1624996560,47.06,47.13,47.0,47.13,47.049,1844,413
1624996620,47.12,47.15,47.06,47.08,47.102,1260,518
1624996680,47.07,47.13,47.07,47.1,47.108,1226,436
1624996740,47.11,47.12,47.01,47.03,47.062,2092,636
1624996800,46.9,47.02,46.9,46.95,47.019,1425,9
1624996860,47.0,47.0,46.81,46.81,46.966,144,29
1624996920,46.97,47.0,46.97,47.0,46.996,11,7
1624996980,46.9,46.95,46.8,46.89,46.861,69,21
1624997040,46.88,46.95,46.85,46.94,46.899,16,11
1624997100,46.95,46.98,46.86,46.86,46.954,130,28
1624997160,46.86,46.86,46.81,46.82,46.827,55,15
1624997220,46.82,46.82,46.8,46.8,46.809,126,20
1624997280,46.81,46.81,46.77,46.77,46.787,80,16
1624997340,46.75,46.75,46.63,46.63,46.667,215,34
1624997400,46.65,46.66,46.62,46.65,46.652,235,33
1624997460,46.63,46.75,46.63,46.75,46.694,249,39
1624997520,46.75,46.75,46.67,46.67,46.747,48,7
1624997580,46.7,46.75,46.69,46.75,46.731,186,21
1624997640,46.72,46.77,46.7,46.75,46.735,137,17
1624997700,46.78,46.8,46.75,46.75,46.768,27,11
1624997760,46.79,46.87,46.78,46.85,46.849,27,20
1624997820,46.85,46.85,46.78,46.78,46.8,23,8
1624997880,46.67,46.75,46.63,46.65,46.657,141,14
1624997940,46.66,46.75,46.65,46.75,46.661,55,6
1624998000,46.63,46.68,46.63,46.66,46.661,49,9
1624998060,46.66,46.75,46.66,46.75,46.706,44,14
1624998120,46.7,46.75,46.67,46.71,46.717,13,7
1624998180,46.75,46.78,46.71,46.71,46.727,44,9
1624998240,46.71,46.84,46.71,46.81,46.809,121,9
1624998300,46.82,46.82,46.75,46.78,46.8,12,5
1624998360,46.7,46.73,46.7,46.73,46.707,100,9
1624998420,46.73,46.75,46.73,46.75,46.748,8,3
1624998480,46.75,46.8,46.75,46.8,46.788,48,10
1624998540,46.79,46.79,46.78,46.78,46.781,87,6
1624998600,46.79,46.85,46.76,46.85,46.821,85,17
1624998660,46.85,46.91,46.85,46.9,46.887,394,27
1624998720,46.9,46.91,46.9,46.91,46.9,117,19
1624998780,46.9,46.91,46.9,46.9,46.901,117,28
1624998840,46.9,46.91,46.9,46.91,46.909,81,11
1624998900,46.91,46.91,46.9,46.91,46.907,70,11
1624998960,46.91,46.91,46.9,46.9,46.909,44,6
1624999020,46.91,47.0,46.91,47.0,46.916,466,33
1624999080,47.1,47.1,47.06,47.06,47.081,10,5
1624999140,47.09,47.11,47.0,47.11,47.061,106,29
1624999200,47.1,47.1,47.05,47.05,47.058,20,5
1624999260,47.09,47.11,47.01,47.01,47.085,16,7
1624999320,47.1,47.11,47.1,47.1,47.103,49,11
1624999380,47.1,47.1,47.1,47.1,47.1,124,7
1624999440,47.1,47.1,47.1,47.1,47.1,0,0
1624999500,47.09,47.11,47.06,47.11,47.095,17,16
1624999560,47.14,47.14,47.06,47.14,47.085,10,4
1624999620,47.12,47.22,47.12,47.2,47.158,52,16
1624999680,47.2,47.22,47.15,47.15,47.187,24,8
1624999740,47.22,47.22,47.1,47.2,47.165,152,19
1624999800,47.21,47.21,47.19,47.19,47.2,3,3
1624999860,47.2,47.23,47.13,47.23,47.21,242,35
1624999920,47.23,47.35,47.23,47.3,47.283,73,25
1624999980,47.32,47.32,47.22,47.3,47.292,34,10
1625000040,47.3,47.3,47.25,47.3,47.283,47,11
1625000100,47.21,47.27,47.21,47.25,47.263,74,13
1625000160,47.29,47.29,47.28,47.28,47.289,26,2
1625000220,47.25,47.25,47.25,47.25,47.25,19,1
1625000280,47.26,47.26,47.2,47.2,47.217,89,20
1625000340,47.2,47.21,47.2,47.21,47.205,47,18
1625000400,47.2,47.21,47.15,47.15,47.197,22,8
1625000460,47.15,47.15,47.1,47.1,47.119,72,7
1625000520,47.11,47.15,47.11,47.15,47.147,12,3
1625000580,47.15,47.15,47.15,47.15,47.15,2,2
1625000640,47.15,47.19,47.15,47.19,47.18,54,10
1625000700,47.19,47.19,47.19,47.19,47.19,6,2
1625000760,47.18,47.18,47.11,47.11,47.16,10,6
1625000820,47.15,47.15,47.15,47.15,47.15,22,4
1625000880,47.18,47.19,47.18,47.19,47.182,46,7
1625000940,47.2,47.29,47.2,47.29,47.267,5,2
1625001000,47.22,47.22,47.22,47.22,47.22,1,1
1625001060,47.28,47.3,47.28,47.3,47.29,12,7
1625001120,47.25,47.32,47.25,47.31,47.295,62,9
1625001180,47.35,47.35,47.35,47.35,47.35,42,7
1625001240,47.37,47.45,47.37,47.45,47.38,69,16
1625001300,47.45,47.45,47.28,47.41,47.411,66,22
1625001360,47.44,47.5,47.44,47.5,47.484,162,23
1625001420,47.52,47.55,47.28,47.44,47.505,80,15
1625001480,47.53,47.53,47.46,47.46,47.5,20,10
1625001540,47.46,47.48,47.44,47.48,47.454,25,9
1625001600,47.41,47.49,47.31,47.49,47.31,987,4
1625001660,47.42,47.42,47.41,47.41,47.42,70,5
1625001720,47.41,47.45,47.4,47.45,47.418,26,9
1625001780,47.25,47.26,47.25,47.25,47.25,7,2
1625001840,47.37,47.37,47.37,47.37,47.37,20,2
1625001900,47.37,47.37,47.37,47.37,47.37,1,1
1625001960,47.41,47.41,47.41,47.41,47.41,4,2
1625002020,47.41,47.41,47.4,47.41,47.404,11,4
1625002080,47.4,47.4,47.4,47.4,47.4,7,2
1625002140,47.41,47.45,47.36,47.36,47.43,22,7
1625002200,47.36,47.36,47.36,47.36,47.36,8,1
1625002260,47.45,47.45,47.45,47.45,47.45,1,1
1625002320,47.45,47.46,47.39,47.46,47.42,30,9
1625002380,47.35,47.45,47.35,47.45,47.44,12,3
1625002440,47.45,47.46,47.45,47.45,47.452,32,9
1625002500,47.45,47.45,47.42,47.45,47.443,4,4
1625002560,47.45,47.45,47.42,47.42,47.436,11,5
1625002620,47.42,47.44,47.42,47.42,47.429,17,7
1625002680,47.44,47.44,47.44,47.44,47.44,8,3
1625002740,47.44,47.44,47.44,47.44,47.44,1,1
1625002800,47.45,47.47,47.44,47.44,47.452,19,7
1625002860,47.44,47.44,47.43,47.43,47.435,6,4
1625002920,47.42,47.44,47.42,47.44,47.437,12,3
1625002980,47.44,47.45,47.4,47.4,47.435,33,7
1625003040,47.47,47.49,47.47,47.49,47.488,21,3
1625003100,47.49,47.49,47.4,47.4,47.485,16,3
1625003160,47.48,47.48,47.48,47.48,47.48,9,7
1625003220,47.48,47.48,47.45,47.45,47.47,24,12
1625003280,47.41,47.44,47.41,47.44,47.431,8,5
1625003340,47.4,47.44,47.4,47.44,47.43,6,3
1625003400,47.44,47.44,47.44,47.44,47.44,43,7
1625003460,47.44,47.44,47.44,47.44,47.44,0,0
1625003520,47.44,47.45,47.44,47.45,47.447,11,4
1625003580,47.41,47.43,47.41,47.43,47.415,4,3
1625003640,47.45,47.45,47.42,47.42,47.426,31,5
1625003700,47.42,47.42,47.4,47.4,47.418,19,9
1625003760,47.38,47.39,47.38,47.39,47.389,11,2
1625003820,47.4,47.4,47.4,47.4,47.4,27,5
1625003880,47.35,47.4,47.32,47.4,47.334,15,6
1625003940,47.31,47.4,47.3,47.4,47.349,9,6
1625004000,47.44,47.44,47.44,47.44,47.44,6,1
1625004060,47.44,47.44,47.44,47.44,47.44,0,0
1625004120,47.32,47.32,47.32,47.32,47.32,6,2
1625004180,47.32,47.32,47.32,47.32,47.32,3,2
1625004240,47.32,47.32,47.32,47.32,47.32,0,0
1625004300,47.32,47.32,47.32,47.32,47.32,0,0
1625004360,47.32,47.32,47.32,47.32,47.32,0,0
1625004420,47.32,47.32,47.32,47.32,47.32,0,0
1625004480,47.32,47.32,47.32,47.32,47.32,0,0
1625004540,47.32,47.32,47.32,47.32,47.32,0,0
1625004600,47.32,47.32,47.32,47.32,47.32,0,0
1625004660,47.32,47.32,47.32,47.32,47.32,7,3
1625004720,47.32,47.32,47.32,47.32,47.32,1,1
1625004780,47.32,47.32,47.32,47.32,47.32,1,1
1625004840,47.32,47.32,47.32,47.32,47.32,0,0
1625004900,47.3,47.3,47.3,47.3,47.3,11,4
1625004960,47.29,47.29,47.26,47.26,47.274,7,4
1625005020,47.26,47.26,47.26,47.26,47.26,0,0
1625005080,47.32,47.32,47.32,47.32,47.32,3,3
1625005140,47.32,47.41,47.32,47.41,47.327,25,5
1625005200,47.41,47.41,47.41,47.41,47.41,3,1
1625005260,47.36,47.36,47.36,47.36,47.36,2,1
1625005320,47.37,47.42,47.36,47.42,47.382,5,4
1625005380,47.4,47.4,47.36,47.36,47.37,5,4
1625005440,47.27,47.27,47.27,47.27,47.27,1,1
1625005500,47.27,47.27,47.27,47.27,47.27,1,1
1625005560,47.27,47.27,47.27,47.27,47.27,23,3
1625005620,47.28,47.28,47.27,47.27,47.273,4,2
1625005680,47.27,47.27,47.27,47.27,47.27,7,2
1625005740,47.27,47.27,47.27,47.27,47.27,0,0
1625005800,47.25,47.25,47.2,47.2,47.225,4,3
1625005860,47.2,47.2,47.2,47.2,47.2,1,1
1625005920,47.1,47.1,47.1,47.1,47.1,27,3
1625005980,47.2,47.2,47.2,47.2,47.2,7,4
1625006040,47.2,47.2,47.2,47.2,47.2,0,0
1625006100,47.15,47.15,47.1,47.1,47.113,19,6
1625006160,47.16,47.25,47.16,47.25,47.169,9,5
1625006220,47.25,47.25,47.25,47.25,47.25,0,0
1625006280,47.33,47.33,47.33,47.33,47.33,2,1
1625006340,47.28,47.29,47.28,47.29,47.284,5,3
1625006400,47.28,47.28,47.28,47.28,47.28,1,1
1625006460,47.28,47.28,47.28,47.28,47.28,0,0
1625006520,47.28,47.28,47.28,47.28,47.28,0,0
1625006580,47.25,47.25,47.25,47.25,47.25,1,1
1625006640,47.19,47.19,47.15,47.15,47.181,8,2
1625006700,47.19,47.19,47.15,47.15,47.179,17,4
1625006760,47.12,47.12,47.1,47.1,47.105,7,4
1625006820,47.15,47.15,47.15,47.15,47.15,3,2
1625006880,47.15,47.15,47.15,47.15,47.15,0,0
1625006940,47.15,47.15,47.15,47.15,47.15,0,0
1625007000,47.15,47.15,47.15,47.15,47.15,0,0
1625007060,47.15,47.15,47.15,47.15,47.15,0,0
1625007120,47.15,47.15,47.15,47.15,47.15,1,1
1625007180,47.2,47.2,47.12,47.12,47.18,4,3
1625007240,47.2,47.2,47.13,47.2,47.173,15,4
1625007300,47.2,47.2,47.2,47.2,47.2,0,0
1625007360,47.2,47.2,47.2,47.2,47.2,0,0
1625007420,47.25,47.25,47.2,47.2,47.224,4,3
1625007480,47.13,47.2,47.13,47.2,47.165,2,2
1625007540,47.2,47.2,47.2,47.2,47.2,0,0
1625007600,47.16,47.16,47.16,47.16,47.16,1,1
1625007660,47.18,47.18,47.18,47.18,47.18,44,2
1625007720,47.25,47.25,47.25,47.25,47.25,1,1
1625007780,47.19,47.24,47.19,47.23,47.217,42,6
1625007840,47.24,47.24,47.24,47.24,47.24,1,1
