date,open,high,low,close,average,volume,count
1641825000,7.16,7.17,7.11,7.12,7.134,76,48
1641825001,7.13,7.14,7.1,7.14,7.125,204,21
1641825002,7.11,7.14,7.11,7.11,7.12,5800,19
1641825003,7.12,7.12,7.1,7.12,7.11,47,15
1641825004,7.12,7.12,7.09,7.09,7.1,724,97
1641825005,7.11,7.12,7.09,7.09,7.107,56,15
1641825006,7.11,7.12,7.08,7.1,7.093,134,55
1641825007,7.09,7.12,7.07,7.1,7.1,183,23
1641825008,7.08,7.1,7.07,7.09,7.089,42,6
1641825009,7.07,7.09,7.04,7.07,7.056,482,118
1641825010,7.11,7.11,7.05,7.08,7.083,168,34
1641825011,7.08,7.08,7.07,7.08,7.075,56,5
1641825012,7.08,7.09,7.05,7.07,7.076,101,36
1641825013,7.08,7.08,7.07,7.07,7.076,59,24
1641825014,7.08,7.09,7.07,7.08,7.081,27,8
1641825015,7.09,7.1,7.08,7.1,7.086,92,38
1641825016,7.08,7.1,7.08,7.1,7.096,29,9
1641825017,7.09,7.1,7.08,7.1,7.091,107,6
1641825018,7.08,7.09,7.04,7.06,7.071,113,48
1641825019,7.06,7.07,7.03,7.05,7.042,170,80
1641825020,7.07,7.07,7.03,7.06,7.045,42,31
1641825021,7.05,7.07,7.05,7.06,7.056,92,9
1641825022,7.06,7.08,7.06,7.06,7.063,70,23
1641825023,7.06,7.07,7.05,7.06,7.06,78,12
1641825024,7.05,7.06,7.05,7.05,7.051,119,25
1641825025,7.05,7.06,7.05,7.06,7.052,95,19
1641825026,7.06,7.07,7.04,7.07,7.061,235,109
1641825027,7.07,7.07,7.03,7.06,7.048,173,99
1641825028,7.06,7.06,7.05,7.05,7.051,94,20
1641825029,7.04,7.05,7.04,7.05,7.044,41,7
1641825030,7.04,7.05,7.03,7.03,7.045,128,45
1641825031,7.04,7.06,7.03,7.05,7.044,206,23
1641825032,7.06,7.07,7.06,7.06,7.061,91,47
1641825033,7.08,7.1,7.07,7.1,7.084,112,53
1641825034,7.1,7.1,7.08,7.09,7.09,190,57
1641825035,7.1,7.12,7.09,7.12,7.1,293,58
1641825036,7.11,7.13,7.11,7.13,7.12,110,27
1641825037,7.11,7.13,7.11,7.12,7.121,224,71
1641825038,7.11,7.14,7.11,7.11,7.13,30,26
1641825039,7.14,7.17,7.12,7.17,7.145,460,107
1641825040,7.17,7.17,7.14,7.16,7.152,234,94
1641825041,7.17,7.17,7.12,7.16,7.158,105,41
1641825042,7.16,7.17,7.16,7.16,7.166,92,13
1641825043,7.16,7.17,7.12,7.13,7.151,190,44
1641825044,7.13,7.14,7.1,7.11,7.133,205,36
1641825045,7.11,7.13,7.11,7.13,7.12,142,62
1641825046,7.11,7.12,7.11,7.12,7.114,67,15
1641825047,7.11,7.11,7.1,7.1,7.104,85,19
1641825048,7.1,7.11,7.06,7.11,7.091,220,42
1641825049,7.07,7.07,7.04,7.04,7.053,117,42
1641825050,7.04,7.05,7.03,7.04,7.037,161,41
1641825051,7.04,7.04,7.01,7.01,7.022,386,91
1641825052,7.01,7.03,7.01,7.03,7.015,88,22
1641825053,7.03,7.03,7.0,7.03,7.012,157,58
1641825054,7.03,7.04,7.02,7.02,7.026,90,33
1641825055,7.03,7.05,7.02,7.04,7.031,126,54
1641825056,7.03,7.04,7.03,7.04,7.037,51,12
1641825057,7.05,7.07,7.05,7.07,7.061,71,28
1641825058,7.06,7.09,7.06,7.09,7.076,53,35
1641825059,7.1,7.13,7.09,7.12,7.108,194,18
1641825060,7.12,7.16,7.11,7.15,7.144,468,55
1641825061,7.16,7.19,7.14,7.17,7.17,397,122
1641825062,7.17,7.17,7.14,7.16,7.157,142,68
1641825063,7.14,7.15,7.1,7.14,7.123,270,90
1641825064,7.12,7.15,7.11,7.15,7.131,141,49
1641825065,7.15,7.15,7.14,7.15,7.147,16,4
1641825066,7.15,7.18,7.14,7.18,7.159,183,83
1641825067,7.18,7.19,7.17,7.19,7.187,187,62
1641825068,7.19,7.2,7.18,7.2,7.192,751,140
1641825069,7.19,7.23,7.19,7.23,7.209,472,92
1641825070,7.22,7.25,7.21,7.24,7.24,858,171
1641825071,7.24,7.25,7.18,7.22,7.225,421,137
1641825072,7.23,7.25,7.22,7.22,7.232,293,103
1641825073,7.22,7.24,7.19,7.23,7.222,242,41
1641825074,7.24,7.24,7.21,7.23,7.23,243,36
1641825075,7.24,7.24,7.22,7.23,7.228,139,36
1641825076,7.23,7.23,7.21,7.23,7.219,72,32
1641825077,7.22,7.24,7.2,7.21,7.205,477,93
1641825078,7.21,7.22,7.19,7.2,7.201,121,32
1641825079,7.21,7.22,7.19,7.19,7.201,266,62
1641825080,7.2,7.22,7.19,7.21,7.203,85,49
1641825081,7.21,7.22,7.2,7.21,7.211,92,27
1641825082,7.2,7.22,7.2,7.21,7.202,158,20
1641825083,7.2,7.22,7.2,7.21,7.204,99,23
1641825084,7.21,7.22,7.19,7.2,7.203,126,74
1641825085,7.2,7.21,7.18,7.19,7.193,101,42
1641825086,7.19,7.21,7.19,7.2,7.198,72,49
1641825087,7.21,7.21,7.19,7.19,7.195,153,19
1641825088,7.2,7.2,7.18,7.19,7.194,48,25
1641825089,7.19,7.2,7.17,7.18,7.182,238,41
1641825090,7.18,7.19,7.17,7.17,7.176,184,24
1641825091,7.18,7.19,7.17,7.18,7.178,38,12
1641825092,7.19,7.19,7.17,7.17,7.182,9,5
1641825093,7.18,7.2,7.17,7.18,7.19,170,60
1641825094,7.18,7.18,7.15,7.16,7.163,154,26
1641825095,7.16,7.16,7.11,7.14,7.143,295,75
1641825096,7.14,7.15,7.13,7.14,7.136,121,38
1641825097,7.14,7.15,7.13,7.13,7.137,38,5
1641825098,7.15,7.15,7.13,7.14,7.14,58,7
1641825099,7.14,7.15,7.13,7.13,7.137,16,8
1641825100,7.14,7.15,7.13,7.15,7.137,20,8
1641825101,7.16,7.17,7.15,7.17,7.163,60,34
1641825102,7.18,7.21,7.16,7.21,7.191,406,48
1641825103,7.21,7.21,7.2,7.21,7.202,23,14
1641825104,7.2,7.21,7.2,7.2,7.204,34,8
1641825105,7.21,7.22,7.2,7.22,7.214,182,59
1641825106,7.22,7.24,7.21,7.24,7.229,158,59
1641825107,7.24,7.27,7.23,7.27,7.251,581,141
1641825108,7.27,7.31,7.26,7.3,7.291,1111,156
1641825109,7.3,7.32,7.3,7.31,7.312,608,88
1641825110,7.32,7.32,7.29,7.31,7.312,321,59
1641825111,7.29,7.31,7.24,7.27,7.284,181,49
1641825112,7.27,7.28,7.27,7.27,7.275,31,11
1641825113,7.28,7.28,7.24,7.25,7.26,142,55
1641825114,7.26,7.26,7.24,7.25,7.252,72,34
1641825115,7.26,7.26,7.25,7.26,7.257,75,20
1641825116,7.25,7.28,7.25,7.27,7.261,96,38
1641825117,7.27,7.28,7.27,7.28,7.277,81,14
1641825118,7.27,7.29,7.27,7.27,7.279,161,47
1641825119,7.28,7.33,7.27,7.33,7.31,684,66
1641825120,7.33,7.35,7.32,7.34,7.338,395,71
1641825121,7.33,7.35,7.31,7.32,7.337,381,81
1641825122,7.33,7.33,7.3,7.31,7.312,267,50
1641825123,7.31,7.33,7.3,7.31,7.312,148,45
1641825124,7.31,7.31,7.28,7.29,7.293,252,52
1641825125,7.3,7.3,7.29,7.3,7.293,128,23
1641825126,7.29,7.3,7.27,7.28,7.292,195,26
1641825127,7.29,7.29,7.24,7.24,7.259,180,30
1641825128,7.25,7.27,7.24,7.25,7.247,193,25
1641825129,7.25,7.28,7.25,7.26,7.266,201,33
1641825130,7.26,7.27,7.25,7.26,7.259,100,41
1641825131,7.26,7.28,7.26,7.28,7.27,20,11
1641825132,7.28,7.28,7.27,7.28,7.273,69,15
1641825133,7.28,7.3,7.27,7.29,7.288,205,73
1641825134,7.28,7.3,7.28,7.3,7.288,85,12
1641825135,7.3,7.31,7.28,7.28,7.291,143,70
1641825136,7.27,7.28,7.27,7.28,7.278,304,66
1641825137,7.28,7.28,7.27,7.27,7.271,45,7
1641825138,7.28,7.28,7.27,7.27,7.271,102,10
1641825139,7.28,7.28,7.27,7.28,7.279,88,10
1641825140,7.28,7.29,7.27,7.28,7.281,160,64
1641825141,7.28,7.29,7.27,7.29,7.276,181,37
1641825142,7.28,7.29,7.28,7.29,7.288,31,16
1641825143,7.29,7.29,7.28,7.29,7.285,57,10
1641825144,7.29,7.29,7.28,7.29,7.283,175,36
1641825145,7.29,7.31,7.29,7.3,7.302,321,98
1641825146,7.3,7.3,7.29,7.29,7.299,120,34
1641825147,7.29,7.3,7.29,7.3,7.292,99,32
1641825148,7.3,7.31,7.3,7.3,7.306,39,22
1641825149,7.3,7.3,7.28,7.29,7.292,134,54
1641825150,7.29,7.3,7.29,7.29,7.295,150,37
1641825151,7.29,7.3,7.28,7.29,7.289,43,24
1641825152,7.3,7.3,7.28,7.3,7.287,142,16
1641825153,7.28,7.28,7.27,7.27,7.276,64,23
1641825154,7.28,7.28,7.27,7.28,7.273,84,15
1641825155,7.28,7.28,7.27,7.28,7.272,140,32
1641825156,7.28,7.28,7.27,7.28,7.278,113,11
1641825157,7.28,7.29,7.27,7.28,7.281,89,23
1641825158,7.28,7.29,7.27,7.27,7.284,116,52
1641825159,7.27,7.28,7.26,7.27,7.267,65,29
1641825160,7.27,7.27,7.26,7.27,7.269,489,77
1641825161,7.26,7.27,7.26,7.26,7.263,74,14
1641825162,7.26,7.26,7.25,7.25,7.252,92,33
1641825163,7.25,7.26,7.23,7.24,7.24,291,35
1641825164,7.24,7.24,7.2,7.21,7.21,191,51
1641825165,7.23,7.24,7.19,7.19,7.211,395,145
1641825166,7.19,7.2,7.18,7.19,7.19,71,36
1641825167,7.2,7.2,7.18,7.2,7.195,190,67
1641825168,7.2,7.23,7.19,7.22,7.203,281,55
1641825169,7.22,7.25,7.21,7.24,7.228,173,51
1641825170,7.23,7.25,7.22,7.23,7.232,70,31
1641825171,7.24,7.25,7.23,7.24,7.242,86,15
1641825172,7.25,7.25,7.24,7.25,7.245,72,17
1641825173,7.26,7.27,7.25,7.26,7.253,144,34
1641825174,7.27,7.27,7.26,7.27,7.268,18,7
1641825175,7.27,7.27,7.26,7.26,7.268,41,15
1641825176,7.25,7.27,7.25,7.26,7.264,81,8
1641825177,7.25,7.27,7.25,7.25,7.261,58,8
1641825178,7.27,7.27,7.25,7.27,7.266,31,10
1641825179,7.27,7.27,7.24,7.25,7.254,240,51
1641825180,7.24,7.26,7.24,7.25,7.249,107,42
1641825181,7.25,7.25,7.23,7.25,7.244,64,12
1641825182,7.25,7.25,7.23,7.23,7.245,139,33
1641825183,7.23,7.23,7.22,7.23,7.224,71,28
1641825184,7.22,7.23,7.2,7.2,7.214,91,29
1641825185,7.21,7.22,7.18,7.18,7.205,120,65
1641825186,7.18,7.21,7.18,7.2,7.185,215,50
1641825187,7.19,7.2,7.17,7.18,7.192,83,30
1641825188,7.17,7.18,7.17,7.17,7.175,7,6
1641825189,7.18,7.19,7.17,7.19,7.179,96,19
1641825190,7.19,7.19,7.17,7.17,7.187,24,20
1641825191,7.19,7.19,7.17,7.18,7.18,26,10
1641825192,7.19,7.19,7.17,7.18,7.18,58,14
1641825193,7.17,7.19,7.17,7.19,7.178,56,7
1641825194,7.17,7.19,7.16,7.17,7.173,181,38
1641825195,7.17,7.18,7.15,7.15,7.169,200,70
1641825196,7.15,7.16,7.1,7.12,7.13,704,199
1641825197,7.1,7.11,7.09,7.1,7.098,261,89
1641825198,7.09,7.09,7.08,7.08,7.086,235,62
1641825199,7.09,7.1,7.08,7.08,7.094,381,19
1641825200,7.1,7.11,7.08,7.11,7.096,221,85
1641825201,7.1,7.11,7.09,7.09,7.103,44,17
1641825202,7.09,7.1,7.09,7.09,7.092,119,35
1641825203,7.1,7.1,7.08,7.09,7.091,199,30
1641825204,7.08,7.09,7.08,7.08,7.086,405,51
1641825205,7.09,7.09,7.08,7.08,7.086,77,30
1641825206,7.08,7.09,7.06,7.06,7.067,270,53
1641825207,7.06,7.07,7.05,7.05,7.057,183,57
1641825208,7.06,7.07,7.05,7.06,7.056,171,17
1641825209,7.07,7.07,7.05,7.05,7.061,162,13
1641825210,7.06,7.08,7.06,7.08,7.071,162,34
1641825211,7.08,7.09,7.07,7.09,7.082,149,27
1641825212,7.08,7.1,7.08,7.09,7.092,132,35
1641825213,7.1,7.1,7.09,7.1,7.093,53,17
1641825214,7.09,7.1,7.08,7.08,7.092,67,23
1641825215,7.09,7.09,7.07,7.07,7.082,99,28
1641825216,7.08,7.1,7.07,7.09,7.081,247,16
1641825217,7.08,7.09,7.08,7.09,7.085,99,13
1641825218,7.08,7.09,7.08,7.08,7.084,15,11
1641825219,7.07,7.09,7.04,7.04,7.058,312,110
1641825220,7.04,7.05,7.03,7.03,7.036,137,43
1641825221,7.04,7.05,7.03,7.04,7.045,93,13
1641825222,7.05,7.06,7.04,7.05,7.045,202,43
1641825223,7.05,7.06,7.04,7.04,7.05,319,53
1641825224,7.05,7.06,7.04,7.04,7.05,70,25
1641825225,7.06,7.07,7.05,7.06,7.062,187,38
1641825226,7.07,7.09,7.06,7.08,7.07,60,24
1641825227,7.08,7.1,7.08,7.09,7.094,101,28
1641825228,7.1,7.1,7.07,7.07,7.087,33,20
1641825229,7.09,7.09,7.07,7.08,7.084,124,18
1641825230,7.08,7.1,7.08,7.09,7.089,50,36
1641825231,7.09,7.11,7.07,7.07,7.093,211,87
1641825232,7.08,7.08,7.07,7.08,7.079,54,26
1641825233,7.09,7.09,7.08,7.08,7.085,21,5
1641825234,7.08,7.09,7.08,7.08,7.08,0,0
1641825235,7.09,7.09,7.08,7.08,7.087,56,18
1641825236,7.08,7.1,7.08,7.1,7.091,39,10
1641825237,7.1,7.1,7.09,7.1,7.097,67,34
1641825238,7.11,7.12,7.11,7.12,7.111,53,6
1641825239,7.12,7.12,7.1,7.1,7.108,121,45
1641825240,7.11,7.12,7.1,7.11,7.113,157,50
1641825241,7.1,7.11,7.1,7.11,7.105,23,4
1641825242,7.1,7.11,7.1,7.11,7.101,56,13
1641825243,7.1,7.11,7.09,7.1,7.097,6,6
1641825244,7.09,7.1,7.06,7.07,7.08,319,47
1641825245,7.09,7.09,7.06,7.07,7.061,913,37
1641825246,7.07,7.08,7.06,7.08,7.065,27,7
1641825247,7.07,7.08,7.06,7.06,7.064,101,22
1641825248,7.07,7.07,7.03,7.03,7.042,671,77
1641825249,7.05,7.05,7.03,7.04,7.041,35,15
1641825250,7.04,7.06,7.03,7.04,7.039,72,36
1641825251,7.03,7.04,7.03,7.03,7.033,133,17
1641825252,7.03,7.04,7.03,7.03,7.031,50,6
1641825253,7.03,7.04,7.03,7.03,7.032,66,8
1641825254,7.03,7.04,7.03,7.04,7.034,116,48
1641825255,7.04,7.05,7.01,7.01,7.025,218,55
1641825256,7.02,7.04,6.95,6.95,6.99,1917,377
1641825257,6.97,6.98,6.95,6.98,6.961,364,96
1641825258,6.97,7.01,6.95,6.98,6.972,203,72
1641825259,6.98,7.0,6.98,6.98,6.988,153,31
1641825260,6.97,6.99,6.97,6.99,6.979,37,13
1641825261,6.98,6.99,6.97,6.99,6.974,26,5
1641825262,6.99,6.99,6.97,6.97,6.983,134,17
1641825263,6.99,6.99,6.97,6.98,6.972,162,46
1641825264,6.98,6.99,6.97,6.98,6.982,138,21
1641825265,6.98,6.99,6.97,6.99,6.987,84,34
1641825266,6.98,7.01,6.96,6.97,6.993,786,106
1641825267,6.97,6.99,6.96,6.98,6.968,68,8
1641825268,6.98,6.99,6.96,6.99,6.98,154,20
1641825269,6.98,6.99,6.98,6.98,6.983,37,13
1641825270,6.99,7.0,6.98,6.99,6.995,101,20
1641825271,6.99,7.0,6.99,7.0,6.993,44,11
1641825272,6.99,7.01,6.99,7.0,6.995,35,8
1641825273,7.01,7.02,7.0,7.0,7.004,80,10
1641825274,7.01,7.01,6.99,7.01,6.999,86,18
1641825275,7.0,7.01,6.99,6.99,6.995,41,8
1641825276,7.0,7.02,6.99,7.01,7.016,40,18
1641825277,7.02,7.02,7.01,7.01,7.015,17,7
1641825278,7.02,7.02,7.01,7.01,7.013,27,8
1641825279,7.01,7.03,7.01,7.03,7.02,239,29
1641825280,7.02,7.03,7.02,7.03,7.026,34,12
1641825281,7.03,7.03,7.02,7.03,7.021,101,21
1641825282,7.02,7.04,7.02,7.02,7.032,198,75
1641825283,7.02,7.03,7.02,7.02,7.023,48,9
1641825284,7.02,7.02,7.02,7.02,7.02,19,15
1641825285,7.02,7.04,7.0,7.01,7.01,431,92
1641825286,7.01,7.02,7.0,7.0,7.003,202,18
1641825287,7.0,7.01,7.0,7.0,7.005,39,5
1641825288,7.0,7.01,6.99,6.99,7.001,50,13
1641825289,7.0,7.01,7.0,7.0,7.007,31,8
1641825290,7.01,7.02,7.0,7.0,7.01,71,8
1641825291,7.01,7.01,7.0,7.0,7.008,68,6
1641825292,7.0,7.01,7.0,7.01,7.005,2,2
1641825293,7.0,7.01,7.0,7.01,7.002,171,33
1641825294,7.01,7.01,6.99,7.0,7.003,65,17
1641825295,7.0,7.0,6.99,6.99,6.995,130,17
1641825296,7.0,7.0,6.99,6.99,6.994,68,35
1641825297,7.0,7.0,6.99,7.0,6.995,46,10
1641825298,7.0,7.0,6.99,6.99,6.998,15,4
1641825299,7.0,7.0,6.98,6.99,6.993,206,31
1641825300,7.0,7.01,6.99,7.01,7.002,79,31
1641825301,7.01,7.02,7.0,7.02,7.009,46,15
1641825302,7.01,7.02,7.01,7.02,7.011,62,14
1641825303,7.02,7.02,7.01,7.02,7.013,73,23
1641825304,7.02,7.04,7.01,7.03,7.027,247,52
1641825305,7.03,7.05,7.02,7.05,7.042,104,28
1641825306,7.06,7.06,7.04,7.06,7.048,97,15
1641825307,7.06,7.06,7.05,7.06,7.056,75,7
1641825308,7.05,7.06,7.05,7.06,7.055,49,9
1641825309,7.05,7.06,7.05,7.05,7.053,184,39
1641825310,7.05,7.06,7.05,7.05,7.05,481,125
1641825311,7.05,7.06,7.04,7.04,7.049,55,14
1641825312,7.05,7.05,7.02,7.04,7.038,115,54
1641825313,7.03,7.05,7.03,7.05,7.044,198,58
1641825314,7.05,7.05,7.02,7.04,7.031,44,15
1641825315,7.03,7.04,7.02,7.02,7.031,158,73
1641825316,7.03,7.03,7.02,7.03,7.024,26,6
1641825317,7.04,7.04,7.02,7.04,7.032,139,48
1641825318,7.04,7.04,7.02,7.02,7.024,97,23
1641825319,7.03,7.03,7.02,7.03,7.025,142,51
1641825320,7.03,7.04,7.02,7.02,7.03,13,9
1641825321,7.02,7.03,7.02,7.03,7.025,70,56
1641825322,7.03,7.03,7.02,7.03,7.025,36,8
1641825323,7.03,7.03,7.02,7.02,7.025,4,3
1641825324,7.03,7.03,7.02,7.03,7.027,19,4
1641825325,7.03,7.04,7.02,7.04,7.031,46,16
1641825326,7.03,7.04,7.03,7.04,7.037,70,32
1641825327,7.04,7.04,7.03,7.03,7.034,4,4
1641825328,7.03,7.05,7.03,7.04,7.045,108,41
1641825329,7.05,7.05,7.04,7.05,7.046,23,7
1641825330,7.05,7.06,7.05,7.05,7.052,64,13
1641825331,7.05,7.06,7.05,7.06,7.056,67,15
1641825332,7.05,7.05,7.05,7.05,7.05,7,3
1641825333,7.05,7.06,7.05,7.05,7.05,31,8
1641825334,7.06,7.06,7.05,7.06,7.055,19,4
1641825335,7.06,7.06,7.05,7.05,7.059,186,72
1641825336,7.06,7.07,7.05,7.05,7.057,99,51
1641825337,7.06,7.06,7.05,7.05,7.059,31,21
1641825338,7.06,7.06,7.05,7.05,7.056,12,4
1641825339,7.05,7.06,7.05,7.05,7.054,141,69
1641825340,7.05,7.07,7.05,7.06,7.064,43,12
1641825341,7.07,7.07,7.06,7.06,7.067,40,3
1641825342,7.06,7.07,7.04,7.05,7.051,192,76
1641825343,7.05,7.05,7.03,7.04,7.042,106,62
1641825344,7.04,7.04,7.02,7.04,7.039,132,67
1641825345,7.04,7.04,7.03,7.04,7.036,127,29
1641825346,7.03,7.04,7.03,7.04,7.035,20,2
1641825347,7.04,7.04,7.03,7.03,7.03,54,18
1641825348,7.04,7.04,7.03,7.03,7.036,18,15
1641825349,7.04,7.04,7.03,7.03,7.039,58,5
1641825350,7.03,7.04,7.03,7.04,7.037,50,7
1641825351,7.04,7.04,7.0,7.01,7.016,349,93
1641825352,7.01,7.02,6.99,6.99,7.0,230,51
1641825353,6.99,7.0,6.98,6.98,6.985,297,60
1641825354,6.99,7.0,6.98,6.98,6.986,157,67
1641825355,6.99,6.99,6.98,6.99,6.987,29,11
1641825356,6.99,7.0,6.98,6.98,6.985,189,49
1641825357,6.98,6.99,6.98,6.99,6.98,14,7
1641825358,6.98,6.99,6.97,6.97,6.979,71,25
1641825359,6.97,6.98,6.97,6.98,6.972,35,8
1641825360,6.98,7.0,6.97,7.0,6.995,649,139
1641825361,6.99,7.02,6.98,7.02,7.003,123,30
1641825362,7.02,7.02,7.01,7.02,7.012,21,12
1641825363,7.02,7.03,7.01,7.03,7.019,93,40
1641825364,7.03,7.03,7.02,7.02,7.026,85,33
1641825365,7.02,7.03,7.02,7.02,7.021,77,9
1641825366,7.03,7.03,7.02,7.02,7.022,143,7
1641825367,7.03,7.03,7.02,7.03,7.021,58,34
1641825368,7.02,7.03,7.02,7.02,7.021,30,14
1641825369,7.02,7.03,7.02,7.03,7.029,54,7
1641825370,7.02,7.03,7.02,7.02,7.024,5,1
1641825371,7.02,7.03,7.02,7.02,7.02,42,6
1641825372,7.03,7.03,7.02,7.03,7.025,1,1
1641825373,7.02,7.03,7.02,7.03,7.029,57,3
1641825374,7.03,7.03,7.02,7.03,7.028,87,11
1641825375,7.03,7.03,7.02,7.03,7.029,52,6
1641825376,7.03,7.04,7.03,7.04,7.031,152,86
1641825377,7.04,7.05,7.03,7.05,7.04,166,29
1641825378,7.04,7.05,7.04,7.05,7.042,178,24
1641825379,7.05,7.05,7.04,7.04,7.049,31,20
1641825380,7.05,7.05,7.04,7.05,7.05,5,1
1641825381,7.05,7.06,7.05,7.06,7.055,89,18
1641825382,7.05,7.06,7.05,7.06,7.052,92,48
1641825383,7.07,7.08,7.06,7.08,7.072,173,80
1641825384,7.08,7.08,7.07,7.07,7.072,126,26
1641825385,7.08,7.08,7.07,7.08,7.077,31,10
1641825386,7.07,7.08,7.06,7.07,7.07,148,29
1641825387,7.06,7.07,7.05,7.05,7.062,16,10
1641825388,7.06,7.06,7.05,7.06,7.058,45,20
1641825389,7.06,7.08,7.05,7.07,7.071,353,104
1641825390,7.07,7.08,7.07,7.08,7.074,166,33
1641825391,7.08,7.09,7.06,7.08,7.078,453,131
1641825392,7.09,7.1,7.08,7.09,7.089,389,157
1641825393,7.1,7.11,7.08,7.09,7.098,481,139
1641825394,7.09,7.1,7.09,7.1,7.096,159,23
1641825395,7.1,7.1,7.08,7.09,7.093,409,127
1641825396,7.09,7.09,7.07,7.07,7.078,319,28
1641825397,7.08,7.08,7.07,7.08,7.077,67,19
1641825398,7.07,7.08,7.06,7.07,7.072,88,30
1641825399,7.06,7.07,7.06,7.07,7.068,30,19
1641825400,7.07,7.07,7.06,7.06,7.068,49,15
1641825401,7.07,7.07,7.06,7.06,7.064,148,45
1641825402,7.07,7.07,7.06,7.07,7.066,88,51
1641825403,7.07,7.07,7.06,7.07,7.069,72,30
1641825404,7.07,7.07,7.06,7.07,7.068,100,23
1641825405,7.07,7.08,7.06,7.08,7.071,310,64
1641825406,7.08,7.09,7.07,7.08,7.081,217,38
1641825407,7.08,7.09,7.08,7.08,7.082,145,13
1641825408,7.08,7.09,7.08,7.08,7.085,43,7
1641825409,7.09,7.12,7.09,7.12,7.106,312,86
1641825410,7.12,7.13,7.11,7.12,7.119,171,53
1641825411,7.12,7.14,7.11,7.12,7.127,352,90
1641825412,7.12,7.12,7.08,7.1,7.1,401,95
1641825413,7.1,7.11,7.09,7.09,7.096,194,58
1641825414,7.09,7.1,7.08,7.08,7.093,390,75
1641825415,7.1,7.1,7.09,7.1,7.097,204,8
1641825416,7.09,7.11,7.09,7.11,7.101,227,36
1641825417,7.11,7.12,7.1,7.11,7.11,183,42
1641825418,7.12,7.12,7.11,7.12,7.115,54,22
1641825419,7.12,7.13,7.11,7.13,7.127,130,36
1641825420,7.14,7.14,7.13,7.13,7.135,308,67
1641825421,7.14,7.19,7.13,7.17,7.163,495,175
1641825422,7.13,7.19,7.13,7.17,7.176,378,133
1641825423,7.17,7.18,7.16,7.16,7.173,291,39
1641825424,7.17,7.17,7.16,7.16,7.166,269,26
1641825425,7.16,7.17,7.15,7.15,7.158,164,33
1641825426,7.16,7.17,7.15,7.16,7.161,312,23
1641825427,7.17,7.17,7.16,7.16,7.166,50,13
1641825428,7.17,7.18,7.16,7.18,7.17,295,61
1641825429,7.18,7.21,7.17,7.2,7.188,1013,134
1641825430,7.19,7.21,7.19,7.2,7.203,193,61
1641825431,7.21,7.22,7.2,7.21,7.212,202,59
1641825432,7.21,7.24,7.2,7.22,7.222,307,72
1641825433,7.24,7.24,7.22,7.23,7.224,215,39
1641825434,7.22,7.23,7.22,7.22,7.223,221,35
1641825435,7.23,7.24,7.22,7.23,7.231,352,66
1641825436,7.23,7.25,7.23,7.23,7.238,450,84
1641825437,7.23,7.24,7.21,7.22,7.224,782,215
1641825438,7.21,7.22,7.2,7.21,7.212,273,80
1641825439,7.2,7.22,7.19,7.2,7.206,144,49
1641825440,7.19,7.21,7.19,7.21,7.204,352,90
1641825441,7.2,7.21,7.17,7.17,7.187,332,110
1641825442,7.17,7.18,7.15,7.18,7.164,148,62
1641825443,7.17,7.17,7.15,7.16,7.161,113,50
1641825444,7.16,7.18,7.16,7.17,7.172,297,47
1641825445,7.16,7.18,7.16,7.18,7.172,125,32
1641825446,7.17,7.19,7.17,7.19,7.177,152,39
1641825447,7.19,7.2,7.18,7.2,7.192,400,119
1641825448,7.21,7.21,7.19,7.21,7.201,93,41
1641825449,7.21,7.21,7.2,7.21,7.206,114,34
1641825450,7.22,7.23,7.21,7.23,7.222,147,61
1641825451,7.23,7.23,7.21,7.22,7.22,57,24
1641825452,7.21,7.23,7.21,7.22,7.217,141,31
1641825453,7.22,7.23,7.21,7.21,7.215,222,80
1641825454,7.21,7.23,7.21,7.21,7.221,253,81
1641825455,7.21,7.23,7.21,7.23,7.221,262,26
1641825456,7.23,7.23,7.22,7.23,7.224,189,26
1641825457,7.23,7.23,7.22,7.23,7.222,67,19
1641825458,7.22,7.23,7.22,7.22,7.226,148,12
1641825459,7.22,7.23,7.21,7.21,7.218,259,63
1641825460,7.21,7.22,7.2,7.21,7.211,77,31
1641825461,7.21,7.22,7.19,7.21,7.199,178,67
1641825462,7.21,7.21,7.2,7.21,7.205,55,7
1641825463,7.21,7.22,7.2,7.22,7.213,164,51
1641825464,7.21,7.22,7.19,7.21,7.206,118,48
1641825465,7.22,7.22,7.21,7.22,7.219,105,26
1641825466,7.22,7.22,7.21,7.21,7.212,106,48
1641825467,7.2,7.22,7.2,7.21,7.203,104,12
1641825468,7.21,7.22,7.19,7.21,7.204,106,35
1641825469,7.2,7.21,7.2,7.2,7.201,96,28
1641825470,7.2,7.2,7.17,7.18,7.173,411,69
1641825471,7.17,7.19,7.17,7.18,7.183,237,69
1641825472,7.19,7.19,7.18,7.18,7.188,55,7
1641825473,7.18,7.18,7.15,7.16,7.171,212,31
1641825474,7.16,7.17,7.15,7.16,7.156,223,30
1641825475,7.16,7.18,7.16,7.17,7.168,105,18
1641825476,7.17,7.18,7.16,7.16,7.169,82,36
1641825477,7.17,7.17,7.16,7.16,7.165,22,8
1641825478,7.17,7.19,7.16,7.18,7.18,125,28
1641825479,7.18,7.18,7.17,7.18,7.178,162,9
1641825480,7.19,7.19,7.18,7.19,7.19,2,1
1641825481,7.19,7.19,7.18,7.19,7.184,48,9
1641825482,7.19,7.2,7.18,7.2,7.192,56,29
1641825483,7.19,7.21,7.19,7.21,7.2,136,56
1641825484,7.21,7.22,7.2,7.21,7.208,198,37
1641825485,7.21,7.25,7.21,7.25,7.233,712,151
1641825486,7.25,7.26,7.24,7.26,7.25,347,92
1641825487,7.25,7.26,7.25,7.26,7.255,190,23
1641825488,7.25,7.28,7.25,7.27,7.263,241,62
1641825489,7.27,7.29,7.27,7.27,7.28,334,59
1641825490,7.28,7.29,7.27,7.28,7.283,302,61
1641825491,7.28,7.29,7.27,7.27,7.274,311,45
1641825492,7.28,7.28,7.26,7.28,7.273,301,61
1641825493,7.27,7.28,7.25,7.26,7.261,472,66
1641825494,7.26,7.27,7.25,7.26,7.255,166,43
1641825495,7.26,7.28,7.25,7.27,7.265,226,60
1641825496,7.28,7.29,7.27,7.28,7.279,209,70
1641825497,7.27,7.27,7.25,7.25,7.26,380,33
1641825498,7.26,7.27,7.25,7.26,7.26,206,37
1641825499,7.25,7.26,7.23,7.23,7.246,246,53
1641825500,7.24,7.26,7.23,7.25,7.254,320,69
1641825501,7.26,7.28,7.25,7.27,7.263,105,39
1641825502,7.27,7.28,7.25,7.26,7.257,410,48
1641825503,7.27,7.27,7.26,7.27,7.264,113,28
1641825504,7.27,7.28,7.26,7.27,7.273,225,81
1641825505,7.27,7.28,7.26,7.27,7.267,162,60
1641825506,7.26,7.27,7.26,7.27,7.263,120,26
1641825507,7.26,7.27,7.26,7.27,7.264,210,28
1641825508,7.27,7.27,7.26,7.26,7.262,208,21
1641825509,7.26,7.26,7.24,7.25,7.249,133,62
1641825510,7.25,7.27,7.24,7.26,7.255,138,30
1641825511,7.26,7.27,7.26,7.26,7.263,113,26
1641825512,7.26,7.29,7.26,7.28,7.276,489,83
1641825513,7.28,7.28,7.27,7.28,7.275,55,14
1641825514,7.28,7.29,7.27,7.28,7.288,178,44
1641825515,7.29,7.29,7.27,7.27,7.277,155,43
1641825516,7.28,7.29,7.27,7.29,7.279,58,27
1641825517,7.28,7.3,7.28,7.28,7.29,272,89
1641825518,7.29,7.29,7.28,7.29,7.288,195,37
1641825519,7.28,7.29,7.28,7.28,7.287,171,40
1641825520,7.29,7.29,7.28,7.28,7.287,118,39
1641825521,7.29,7.32,7.28,7.32,7.303,1682,240
1641825522,7.32,7.32,7.31,7.31,7.317,146,20
1641825523,7.31,7.33,7.31,7.32,7.321,360,55
1641825524,7.32,7.33,7.31,7.32,7.319,292,82
1641825525,7.32,7.35,7.31,7.35,7.346,1713,181
1641825526,7.34,7.35,7.33,7.33,7.333,370,63
1641825527,7.33,7.34,7.32,7.32,7.33,437,76
1641825528,7.33,7.34,7.32,7.33,7.329,274,64
1641825529,7.33,7.34,7.33,7.33,7.338,376,125
1641825530,7.33,7.34,7.32,7.33,7.33,453,77
1641825531,7.33,7.34,7.32,7.32,7.323,206,22
1641825532,7.33,7.34,7.32,7.33,7.324,46,14
1641825533,7.32,7.33,7.32,7.32,7.323,67,24
1641825534,7.32,7.32,7.29,7.3,7.308,536,114
1641825535,7.3,7.31,7.29,7.3,7.296,160,58
1641825536,7.3,7.31,7.29,7.31,7.301,130,31
1641825537,7.3,7.3,7.29,7.3,7.294,103,14
1641825538,7.29,7.3,7.29,7.29,7.292,115,13
1641825539,7.29,7.3,7.28,7.28,7.291,220,95
1641825540,7.28,7.3,7.27,7.29,7.285,308,82
1641825541,7.28,7.29,7.27,7.28,7.279,114,54
1641825542,7.27,7.28,7.27,7.27,7.273,126,35
1641825543,7.27,7.28,7.27,7.27,7.274,235,35
1641825544,7.28,7.3,7.27,7.29,7.283,746,73
1641825545,7.29,7.3,7.28,7.29,7.292,96,33
1641825546,7.29,7.29,7.28,7.29,7.287,59,23
1641825547,7.29,7.29,7.28,7.28,7.285,120,20
1641825548,7.28,7.34,7.28,7.33,7.328,606,102
1641825549,7.34,7.34,7.33,7.34,7.335,145,38
1641825550,7.33,7.34,7.33,7.33,7.336,65,37
1641825551,7.34,7.34,7.33,7.34,7.335,19,11
1641825552,7.34,7.34,7.33,7.33,7.335,98,24
1641825553,7.33,7.34,7.31,7.32,7.329,201,43
1641825554,7.32,7.34,7.31,7.33,7.335,260,35
1641825555,7.33,7.34,7.32,7.33,7.332,226,28
1641825556,7.34,7.34,7.33,7.34,7.338,172,70
1641825557,7.34,7.39,7.33,7.38,7.37,1245,243
1641825558,7.38,7.39,7.38,7.39,7.385,367,72
1641825559,7.39,7.42,7.38,7.41,7.4,1269,185
1641825560,7.4,7.42,7.4,7.42,7.413,311,110
1641825561,7.41,7.42,7.41,7.41,7.413,142,42
1641825562,7.42,7.45,7.41,7.43,7.428,1183,186
1641825563,7.44,7.44,7.42,7.43,7.432,275,58
1641825564,7.43,7.43,7.41,7.42,7.42,335,73
1641825565,7.42,7.42,7.4,7.41,7.407,326,100
1641825566,7.41,7.41,7.35,7.36,7.376,682,162
1641825567,7.36,7.36,7.35,7.35,7.356,190,38
1641825568,7.35,7.36,7.33,7.33,7.343,436,55
1641825569,7.33,7.34,7.32,7.33,7.326,152,35
1641825570,7.33,7.36,7.32,7.36,7.346,357,65
1641825571,7.36,7.36,7.34,7.35,7.35,248,38
1641825572,7.35,7.37,7.34,7.37,7.352,260,54
1641825573,7.37,7.38,7.36,7.37,7.368,310,57
1641825574,7.38,7.39,7.37,7.38,7.382,64,16
1641825575,7.38,7.4,7.38,7.4,7.391,226,40
1641825576,7.4,7.4,7.39,7.39,7.394,142,34
1641825577,7.39,7.4,7.36,7.38,7.376,415,60
1641825578,7.36,7.4,7.36,7.4,7.378,159,27
1641825579,7.4,7.4,7.38,7.4,7.389,186,43
1641825580,7.4,7.4,7.38,7.38,7.385,77,23
1641825581,7.39,7.39,7.38,7.38,7.386,17,10
1641825582,7.39,7.39,7.37,7.38,7.38,356,101
1641825583,7.38,7.39,7.38,7.38,7.384,164,30
1641825584,7.38,7.39,7.38,7.39,7.383,51,22
1641825585,7.39,7.42,7.38,7.41,7.398,438,76
1641825586,7.42,7.43,7.41,7.43,7.425,202,34
1641825587,7.43,7.44,7.42,7.44,7.43,270,48
1641825588,7.43,7.44,7.43,7.44,7.436,371,66
1641825589,7.44,7.48,7.43,7.48,7.454,971,179
1641825590,7.47,7.48,7.44,7.44,7.458,386,89
1641825591,7.45,7.46,7.43,7.44,7.438,311,57
1641825592,7.44,7.46,7.43,7.45,7.442,296,47
1641825593,7.44,7.45,7.43,7.44,7.446,286,65
1641825594,7.45,7.45,7.44,7.44,7.442,176,40
1641825595,7.44,7.45,7.43,7.44,7.443,250,61
1641825596,7.45,7.46,7.44,7.46,7.449,155,28
1641825597,7.45,7.47,7.45,7.47,7.461,177,53
1641825598,7.47,7.48,7.46,7.48,7.473,259,49
1641825599,7.48,7.49,7.47,7.49,7.479,985,164
1641825600,7.49,7.55,7.48,7.51,7.508,2039,324
1641825601,7.52,7.52,7.47,7.48,7.496,1014,147
1641825602,7.48,7.48,7.47,7.47,7.474,281,45
1641825603,7.48,7.48,7.47,7.47,7.474,299,56
1641825604,7.47,7.48,7.46,7.48,7.471,250,67
1641825605,7.48,7.48,7.47,7.48,7.476,170,47
1641825606,7.47,7.48,7.46,7.48,7.469,287,47
1641825607,7.47,7.48,7.47,7.47,7.473,333,49
1641825608,7.47,7.48,7.47,7.48,7.477,440,39
1641825609,7.48,7.49,7.47,7.48,7.477,177,52
1641825610,7.49,7.49,7.47,7.48,7.478,250,50
1641825611,7.48,7.49,7.48,7.49,7.482,73,11
1641825612,7.49,7.5,7.48,7.5,7.491,263,46
1641825613,7.49,7.5,7.48,7.5,7.494,109,47
1641825614,7.5,7.52,7.49,7.52,7.505,288,59
1641825615,7.52,7.55,7.52,7.54,7.532,314,77
1641825616,7.53,7.54,7.52,7.53,7.526,687,97
1641825617,7.53,7.53,7.5,7.51,7.517,367,92
1641825618,7.51,7.52,7.5,7.5,7.504,165,37
1641825619,7.51,7.52,7.5,7.51,7.512,172,72
1641825620,7.52,7.53,7.51,7.52,7.518,190,54
1641825621,7.53,7.55,7.52,7.52,7.536,196,67
1641825622,7.54,7.55,7.52,7.53,7.534,259,71
1641825623,7.52,7.54,7.52,7.54,7.533,280,43
1641825624,7.54,7.57,7.53,7.54,7.552,706,120
1641825625,7.54,7.55,7.53,7.55,7.541,220,71
1641825626,7.55,7.55,7.53,7.53,7.54,189,64
1641825627,7.53,7.54,7.53,7.54,7.534,111,27
1641825628,7.54,7.56,7.52,7.53,7.537,401,113
1641825629,7.53,7.54,7.52,7.54,7.531,219,31
1641825630,7.54,7.55,7.53,7.54,7.54,276,105
1641825631,7.53,7.57,7.52,7.55,7.539,595,151
1641825632,7.56,7.56,7.55,7.56,7.552,85,19
1641825633,7.56,7.56,7.54,7.56,7.549,660,121
1641825634,7.56,7.56,7.55,7.56,7.556,157,14
1641825635,7.56,7.57,7.55,7.56,7.554,284,40
1641825636,7.57,7.57,7.55,7.56,7.561,690,67
1641825637,7.57,7.58,7.56,7.57,7.567,230,43
1641825638,7.57,7.58,7.55,7.56,7.564,229,46
1641825639,7.57,7.57,7.54,7.54,7.55,269,59
1641825640,7.54,7.55,7.53,7.53,7.541,177,43
1641825641,7.54,7.54,7.52,7.53,7.53,497,83
1641825642,7.53,7.54,7.52,7.53,7.523,213,47
1641825643,7.53,7.53,7.52,7.52,7.525,125,51
1641825644,7.53,7.53,7.51,7.52,7.52,206,65
1641825645,7.52,7.53,7.48,7.5,7.501,1544,256
1641825646,7.51,7.52,7.49,7.51,7.505,194,58
1641825647,7.52,7.52,7.5,7.5,7.512,274,28
1641825648,7.5,7.51,7.48,7.48,7.492,157,34
1641825649,7.48,7.49,7.47,7.47,7.475,258,64
1641825650,7.47,7.48,7.47,7.47,7.471,166,37
1641825651,7.48,7.5,7.47,7.5,7.488,250,76
1641825652,7.5,7.53,7.49,7.52,7.515,411,98
1641825653,7.52,7.53,7.51,7.52,7.511,340,26
1641825654,7.51,7.52,7.51,7.51,7.519,109,17
1641825655,7.52,7.58,7.51,7.54,7.553,897,268
1641825656,7.53,7.56,7.52,7.52,7.534,100,36
1641825657,7.53,7.54,7.52,7.53,7.53,194,48
1641825658,7.54,7.54,7.53,7.54,7.538,50,11
1641825659,7.53,7.54,7.5,7.51,7.517,468,183
1641825660,7.51,7.54,7.51,7.52,7.532,183,59
1641825661,7.53,7.55,7.53,7.54,7.541,200,51
1641825662,7.54,7.55,7.53,7.54,7.544,70,20
1641825663,7.53,7.55,7.53,7.54,7.541,56,18
1641825664,7.54,7.54,7.51,7.52,7.519,181,46
1641825665,7.52,7.53,7.5,7.51,7.51,155,54
1641825666,7.51,7.51,7.48,7.48,7.497,210,68
1641825667,7.48,7.49,7.48,7.49,7.482,101,26
1641825668,7.49,7.49,7.48,7.49,7.487,172,24
1641825669,7.49,7.5,7.48,7.5,7.489,103,18
1641825670,7.5,7.52,7.49,7.51,7.509,186,49
1641825671,7.51,7.52,7.49,7.5,7.505,93,49
1641825672,7.5,7.52,7.5,7.52,7.504,44,13
1641825673,7.52,7.52,7.5,7.51,7.51,88,19
1641825674,7.52,7.52,7.5,7.5,7.511,83,19
1641825675,7.51,7.52,7.5,7.51,7.51,297,31
1641825676,7.51,7.52,7.5,7.52,7.518,204,15
1641825677,7.51,7.53,7.51,7.53,7.521,313,28
1641825678,7.53,7.53,7.52,7.53,7.528,37,13
1641825679,7.53,7.53,7.51,7.51,7.52,81,26
1641825680,7.52,7.53,7.51,7.51,7.524,145,37
1641825681,7.53,7.53,7.51,7.53,7.528,265,46
1641825682,7.53,7.54,7.52,7.54,7.536,153,17
1641825683,7.53,7.54,7.52,7.53,7.526,145,21
1641825684,7.52,7.53,7.52,7.52,7.523,14,6
1641825685,7.52,7.53,7.52,7.53,7.522,37,10
1641825686,7.53,7.53,7.52,7.53,7.525,100,54
1641825687,7.53,7.53,7.51,7.53,7.521,88,46
1641825688,7.52,7.53,7.52,7.52,7.522,49,22
1641825689,7.52,7.53,7.51,7.52,7.513,199,26
1641825690,7.52,7.52,7.49,7.5,7.506,417,79
1641825691,7.5,7.5,7.48,7.49,7.489,185,49
1641825692,7.5,7.51,7.5,7.51,7.506,164,32
1641825693,7.51,7.52,7.5,7.52,7.508,126,50
1641825694,7.5,7.52,7.5,7.52,7.512,43,25
1641825695,7.52,7.52,7.51,7.51,7.516,25,11
1641825696,7.51,7.52,7.51,7.51,7.517,23,8
1641825697,7.52,7.53,7.51,7.52,7.519,93,40
1641825698,7.53,7.53,7.51,7.51,7.522,84,29
1641825699,7.51,7.53,7.51,7.52,7.515,115,25
1641825700,7.53,7.54,7.51,7.52,7.528,308,100
1641825701,7.53,7.56,7.51,7.55,7.548,706,142
1641825702,7.55,7.56,7.54,7.56,7.555,172,44
1641825703,7.56,7.6,7.55,7.6,7.579,968,182
1641825704,7.6,7.6,7.58,7.6,7.595,415,124
1641825705,7.6,7.62,7.59,7.62,7.605,988,146
1641825706,7.61,7.62,7.6,7.61,7.607,363,67
1641825707,7.61,7.61,7.58,7.58,7.595,415,60
1641825708,7.57,7.58,7.56,7.57,7.571,163,46
1641825709,7.57,7.58,7.57,7.58,7.577,73,14
1641825710,7.58,7.58,7.56,7.58,7.571,89,33
1641825711,7.58,7.58,7.56,7.56,7.563,148,31
1641825712,7.57,7.57,7.55,7.56,7.561,126,28
1641825713,7.55,7.57,7.54,7.54,7.551,132,32
1641825714,7.54,7.55,7.51,7.52,7.522,388,58
1641825715,7.53,7.53,7.52,7.53,7.525,186,33
1641825716,7.52,7.53,7.51,7.51,7.518,115,26
1641825717,7.52,7.52,7.51,7.52,7.519,119,43
1641825718,7.52,7.54,7.51,7.53,7.524,105,54
1641825719,7.53,7.54,7.52,7.53,7.531,135,55
1641825720,7.54,7.56,7.54,7.56,7.549,250,103
1641825721,7.56,7.57,7.56,7.57,7.562,273,62
1641825722,7.57,7.58,7.56,7.58,7.573,195,42
1641825723,7.57,7.58,7.56,7.57,7.572,42,15
1641825724,7.57,7.57,7.56,7.57,7.563,92,13
1641825725,7.57,7.58,7.56,7.57,7.57,43,13
1641825726,7.58,7.58,7.56,7.57,7.574,56,24
1641825727,7.57,7.59,7.57,7.58,7.579,151,43
1641825728,7.58,7.58,7.57,7.58,7.574,92,31
1641825729,7.57,7.58,7.57,7.58,7.574,105,12
1641825730,7.58,7.58,7.55,7.56,7.573,199,49
1641825731,7.56,7.58,7.55,7.57,7.571,221,88
1641825732,7.57,7.58,7.57,7.57,7.576,45,16
1641825733,7.58,7.58,7.57,7.57,7.575,86,6
1641825734,7.57,7.58,7.55,7.56,7.565,164,41
1641825735,7.57,7.58,7.56,7.57,7.575,273,98
1641825736,7.58,7.58,7.55,7.56,7.569,99,32
1641825737,7.55,7.57,7.55,7.56,7.558,51,19
1641825738,7.57,7.59,7.55,7.56,7.574,209,78
1641825739,7.56,7.57,7.56,7.57,7.569,152,17
1641825740,7.56,7.57,7.56,7.57,7.565,22,6
1641825741,7.57,7.57,7.56,7.57,7.566,190,54
1641825742,7.56,7.57,7.55,7.56,7.563,135,34
1641825743,7.55,7.57,7.55,7.57,7.556,97,23
1641825744,7.55,7.57,7.55,7.56,7.558,86,26
1641825745,7.56,7.56,7.55,7.56,7.553,401,98
1641825746,7.56,7.56,7.55,7.55,7.553,30,9
1641825747,7.55,7.56,7.55,7.55,7.553,30,12
1641825748,7.56,7.56,7.54,7.54,7.55,212,32
1641825749,7.55,7.56,7.54,7.56,7.55,183,39
1641825750,7.56,7.56,7.55,7.55,7.552,165,33
1641825751,7.55,7.56,7.55,7.56,7.552,60,24
1641825752,7.55,7.56,7.54,7.56,7.551,97,33
1641825753,7.55,7.56,7.55,7.56,7.552,96,11
1641825754,7.56,7.57,7.55,7.56,7.559,57,24
1641825755,7.56,7.56,7.54,7.55,7.55,137,42
1641825756,7.55,7.55,7.53,7.54,7.54,203,72
1641825757,7.54,7.54,7.53,7.54,7.534,38,18
1641825758,7.53,7.54,7.5,7.5,7.51,753,85
1641825759,7.51,7.51,7.48,7.48,7.489,463,121
1641825760,7.48,7.49,7.48,7.49,7.483,158,52
1641825761,7.49,7.49,7.48,7.49,7.485,59,16
1641825762,7.48,7.51,7.48,7.51,7.493,360,81
1641825763,7.5,7.51,7.5,7.51,7.505,91,19
1641825764,7.51,7.51,7.49,7.5,7.498,109,28
1641825765,7.5,7.52,7.49,7.51,7.505,204,45
1641825766,7.51,7.53,7.5,7.53,7.508,102,29
1641825767,7.52,7.53,7.51,7.52,7.524,62,15
1641825768,7.53,7.53,7.52,7.52,7.522,119,10
1641825769,7.53,7.53,7.51,7.52,7.518,55,25
1641825770,7.52,7.52,7.51,7.52,7.512,30,4
1641825771,7.51,7.52,7.51,7.52,7.515,125,28
1641825772,7.52,7.53,7.52,7.52,7.522,26,13
1641825773,7.52,7.53,7.52,7.53,7.527,135,27
1641825774,7.53,7.54,7.52,7.54,7.537,100,10
1641825775,7.54,7.54,7.52,7.53,7.527,114,25
1641825776,7.52,7.55,7.52,7.55,7.53,158,31
1641825777,7.54,7.54,7.53,7.54,7.535,45,27
1641825778,7.53,7.57,7.52,7.53,7.534,177,48
1641825779,7.54,7.54,7.53,7.54,7.532,85,8
1641825780,7.55,7.56,7.54,7.56,7.548,369,36
1641825781,7.56,7.6,7.55,7.58,7.579,644,93
1641825782,7.58,7.6,7.57,7.58,7.581,94,28
1641825783,7.57,7.59,7.57,7.58,7.58,134,30
1641825784,7.59,7.6,7.58,7.58,7.583,133,31
1641825785,7.59,7.6,7.58,7.6,7.591,92,29
1641825786,7.6,7.6,7.57,7.59,7.587,230,69
1641825787,7.59,7.6,7.58,7.6,7.592,208,37
1641825788,7.6,7.6,7.59,7.6,7.594,168,36
1641825789,7.6,7.6,7.57,7.59,7.585,280,107
1641825790,7.58,7.6,7.58,7.59,7.591,128,29
1641825791,7.58,7.59,7.58,7.58,7.584,173,45
1641825792,7.57,7.59,7.55,7.56,7.561,132,40
1641825793,7.55,7.56,7.55,7.56,7.553,96,11
1641825794,7.55,7.56,7.55,7.56,7.555,22,10
1641825795,7.56,7.57,7.55,7.57,7.561,149,56
1641825796,7.57,7.57,7.56,7.57,7.562,47,7
1641825797,7.56,7.57,7.53,7.54,7.548,368,53
1641825798,7.54,7.54,7.53,7.53,7.533,177,27
1641825799,7.54,7.54,7.53,7.53,7.532,86,23
1641825800,7.53,7.54,7.52,7.52,7.528,114,22
1641825801,7.52,7.53,7.49,7.5,7.513,1841,118
1641825802,7.5,7.5,7.48,7.48,7.488,267,81
1641825803,7.48,7.49,7.48,7.48,7.481,203,42
1641825804,7.48,7.49,7.47,7.48,7.474,180,53
1641825805,7.48,7.48,7.47,7.47,7.473,59,24
1641825806,7.47,7.48,7.47,7.48,7.475,184,32
1641825807,7.48,7.49,7.47,7.49,7.481,108,34
1641825808,7.49,7.5,7.48,7.49,7.49,157,50
1641825809,7.49,7.5,7.49,7.5,7.495,81,20
1641825810,7.5,7.52,7.5,7.51,7.507,137,50
1641825811,7.52,7.55,7.51,7.55,7.526,124,41
1641825812,7.55,7.57,7.54,7.56,7.553,135,61
1641825813,7.56,7.57,7.56,7.56,7.566,197,28
1641825814,7.57,7.58,7.56,7.58,7.568,116,43
1641825815,7.58,7.58,7.56,7.57,7.572,88,12
1641825816,7.58,7.58,7.56,7.57,7.565,167,37
1641825817,7.57,7.58,7.56,7.58,7.567,69,23
1641825818,7.57,7.58,7.57,7.58,7.571,91,7
1641825819,7.58,7.58,7.57,7.58,7.573,115,8
1641825820,7.58,7.58,7.57,7.58,7.573,95,13
1641825821,7.58,7.58,7.57,7.57,7.573,58,30
1641825822,7.57,7.59,7.57,7.58,7.579,75,34
1641825823,7.59,7.59,7.58,7.59,7.588,75,13
1641825824,7.59,7.6,7.58,7.6,7.59,419,46
1641825825,7.6,7.6,7.58,7.58,7.589,414,78
1641825826,7.58,7.6,7.58,7.58,7.589,290,36
1641825827,7.58,7.59,7.58,7.59,7.584,93,11
1641825828,7.59,7.6,7.58,7.6,7.591,115,51
1641825829,7.59,7.6,7.59,7.6,7.595,187,27
1641825830,7.6,7.62,7.59,7.62,7.606,1490,179
1641825831,7.62,7.64,7.6,7.63,7.624,770,164
1641825832,7.63,7.64,7.62,7.63,7.633,500,61
1641825833,7.63,7.63,7.62,7.62,7.627,190,47
1641825834,7.63,7.63,7.59,7.6,7.605,345,77
1641825835,7.6,7.6,7.59,7.59,7.592,99,34
1641825836,7.59,7.59,7.58,7.59,7.586,144,21
1641825837,7.58,7.59,7.58,7.58,7.587,24,11
1641825838,7.58,7.59,7.58,7.58,7.588,61,23
1641825839,7.59,7.59,7.58,7.59,7.589,57,15
1641825840,7.59,7.6,7.59,7.6,7.591,183,10
1641825841,7.6,7.6,7.58,7.59,7.594,337,55
1641825842,7.58,7.6,7.58,7.6,7.593,137,25
1641825843,7.59,7.62,7.59,7.6,7.609,164,31
1641825844,7.62,7.62,7.6,7.62,7.615,78,9
1641825845,7.61,7.62,7.6,7.62,7.61,147,37
1641825846,7.6,7.62,7.6,7.6,7.613,154,15
1641825847,7.6,7.61,7.58,7.58,7.588,212,43
1641825848,7.58,7.59,7.58,7.58,7.582,250,13
1641825849,7.58,7.59,7.58,7.58,7.581,102,26
1641825850,7.58,7.59,7.56,7.56,7.573,259,51
1641825851,7.57,7.57,7.55,7.56,7.56,238,96
1641825852,7.56,7.56,7.54,7.55,7.546,84,37
1641825853,7.54,7.55,7.51,7.53,7.526,361,67
1641825854,7.54,7.54,7.49,7.49,7.503,631,154
1641825855,7.5,7.54,7.49,7.53,7.52,359,82
1641825856,7.53,7.54,7.53,7.53,7.536,286,55
1641825857,7.53,7.54,7.52,7.52,7.531,227,53
1641825858,7.53,7.56,7.52,7.56,7.545,86,45
1641825859,7.56,7.56,7.55,7.55,7.554,74,26
1641825860,7.55,7.58,7.55,7.58,7.566,113,41
1641825861,7.57,7.62,7.57,7.61,7.6,353,82
1641825862,7.61,7.62,7.6,7.61,7.617,133,32
1641825863,7.62,7.63,7.61,7.61,7.616,40,17
1641825864,7.62,7.63,7.61,7.63,7.615,164,32
1641825865,7.61,7.63,7.61,7.62,7.616,75,14
1641825866,7.63,7.64,7.62,7.63,7.63,133,48
1641825867,7.64,7.66,7.62,7.65,7.645,963,196
1641825868,7.65,7.66,7.64,7.66,7.651,501,107
1641825869,7.66,7.68,7.65,7.67,7.663,533,158
1641825870,7.67,7.68,7.66,7.68,7.675,572,97
1641825871,7.68,7.69,7.67,7.68,7.679,469,65
1641825872,7.68,7.69,7.65,7.66,7.67,663,166
1641825873,7.66,7.67,7.65,7.65,7.655,218,43
1641825874,7.65,7.66,7.64,7.64,7.649,144,16
1641825875,7.65,7.65,7.62,7.62,7.632,260,70
1641825876,7.63,7.63,7.62,7.63,7.626,211,31
1641825877,7.62,7.63,7.62,7.63,7.625,255,19
1641825878,7.63,7.63,7.62,7.62,7.627,147,9
1641825879,7.62,7.63,7.61,7.61,7.622,52,18
1641825880,7.62,7.63,7.61,7.62,7.62,127,31
1641825881,7.63,7.64,7.62,7.64,7.629,112,21
1641825882,7.63,7.64,7.62,7.62,7.624,113,32
1641825883,7.62,7.62,7.61,7.61,7.615,149,27
1641825884,7.61,7.62,7.6,7.61,7.611,145,39
1641825885,7.61,7.64,7.61,7.62,7.62,165,39
1641825886,7.62,7.63,7.61,7.63,7.62,139,39
1641825887,7.62,7.63,7.62,7.63,7.629,83,5
1641825888,7.63,7.63,7.61,7.63,7.622,33,19
1641825889,7.62,7.63,7.61,7.63,7.622,44,13
1641825890,7.63,7.63,7.62,7.63,7.629,129,25
1641825891,7.63,7.64,7.63,7.64,7.638,71,15
1641825892,7.64,7.64,7.62,7.63,7.633,105,44
1641825893,7.64,7.64,7.62,7.64,7.636,96,31
1641825894,7.63,7.64,7.61,7.64,7.626,117,76
1641825895,7.63,7.64,7.63,7.63,7.631,77,10
1641825896,7.64,7.64,7.63,7.63,7.634,26,11
1641825897,7.64,7.64,7.61,7.63,7.629,200,29
1641825898,7.63,7.63,7.61,7.62,7.615,97,37
1641825899,7.61,7.62,7.6,7.6,7.61,107,43
1641825900,7.62,7.64,7.62,7.63,7.625,180,61
1641825901,7.63,7.63,7.62,7.63,7.628,81,11
1641825902,7.63,7.64,7.62,7.62,7.626,55,9
1641825903,7.63,7.63,7.62,7.62,7.624,46,17
1641825904,7.63,7.64,7.62,7.64,7.636,157,25
1641825905,7.64,7.64,7.63,7.64,7.639,144,37
1641825906,7.64,7.64,7.63,7.64,7.638,209,21
1641825907,7.64,7.67,7.63,7.67,7.651,631,160
1641825908,7.66,7.67,7.64,7.65,7.657,146,28
1641825909,7.65,7.67,7.64,7.67,7.659,196,44
1641825910,7.66,7.67,7.64,7.64,7.654,191,53
1641825911,7.65,7.65,7.64,7.65,7.647,254,25
1641825912,7.65,7.65,7.62,7.63,7.634,177,55
1641825913,7.64,7.65,7.63,7.64,7.642,248,18
1641825914,7.63,7.64,7.63,7.64,7.634,21,6
1641825915,7.64,7.65,7.64,7.64,7.646,71,15
1641825916,7.65,7.65,7.64,7.64,7.643,39,6
1641825917,7.64,7.64,7.62,7.62,7.635,258,69
1641825918,7.62,7.63,7.62,7.62,7.623,89,9
1641825919,7.62,7.62,7.61,7.62,7.62,61,16
1641825920,7.61,7.62,7.58,7.59,7.591,250,99
1641825921,7.59,7.6,7.58,7.58,7.589,185,32
1641825922,7.58,7.59,7.58,7.58,7.584,74,22
1641825923,7.58,7.59,7.54,7.57,7.571,252,51
1641825924,7.57,7.58,7.56,7.57,7.572,134,24
1641825925,7.57,7.58,7.56,7.56,7.565,96,28
1641825926,7.56,7.57,7.56,7.56,7.56,52,3
1641825927,7.57,7.58,7.56,7.57,7.569,115,23
1641825928,7.57,7.57,7.56,7.57,7.569,51,8
1641825929,7.57,7.57,7.56,7.57,7.569,78,8
1641825930,7.57,7.58,7.56,7.58,7.573,417,94
1641825931,7.58,7.58,7.56,7.57,7.57,195,32
1641825932,7.57,7.58,7.56,7.57,7.565,96,20
1641825933,7.57,7.57,7.56,7.56,7.56,137,19
1641825934,7.57,7.57,7.53,7.54,7.548,213,55
1641825935,7.54,7.55,7.53,7.54,7.537,240,31
1641825936,7.54,7.54,7.53,7.54,7.534,53,20
1641825937,7.53,7.54,7.53,7.54,7.534,159,40
1641825938,7.53,7.54,7.53,7.53,7.532,47,7
1641825939,7.53,7.54,7.53,7.54,7.537,78,15
1641825940,7.53,7.54,7.53,7.54,7.536,60,15
1641825941,7.54,7.54,7.53,7.53,7.533,37,9
1641825942,7.54,7.54,7.53,7.54,7.537,145,30
1641825943,7.53,7.55,7.53,7.55,7.54,113,43
1641825944,7.54,7.56,7.53,7.55,7.542,247,82
1641825945,7.55,7.57,7.54,7.55,7.557,227,82
1641825946,7.55,7.57,7.54,7.56,7.559,130,26
1641825947,7.56,7.58,7.56,7.58,7.567,130,38
1641825948,7.57,7.58,7.56,7.58,7.571,158,60
1641825949,7.58,7.58,7.57,7.57,7.577,62,19
1641825950,7.57,7.58,7.56,7.56,7.567,46,13
1641825951,7.57,7.58,7.56,7.57,7.578,16,8
1641825952,7.58,7.58,7.57,7.58,7.579,121,12
1641825953,7.56,7.58,7.56,7.56,7.571,56,21
1641825954,7.58,7.58,7.56,7.57,7.567,45,11
1641825955,7.57,7.57,7.56,7.57,7.57,23,12
1641825956,7.57,7.57,7.55,7.56,7.56,64,29
1641825957,7.57,7.57,7.56,7.57,7.564,76,24
1641825958,7.57,7.57,7.55,7.55,7.559,190,36
1641825959,7.56,7.57,7.55,7.56,7.56,42,24
1641825960,7.57,7.58,7.56,7.57,7.569,253,85
1641825961,7.57,7.57,7.56,7.57,7.567,85,16
1641825962,7.56,7.57,7.56,7.57,7.568,47,13
1641825963,7.57,7.57,7.56,7.56,7.564,84,11
1641825964,7.56,7.57,7.55,7.56,7.56,85,20
1641825965,7.55,7.56,7.55,7.55,7.552,34,13
1641825966,7.55,7.57,7.55,7.56,7.56,85,22
1641825967,7.56,7.57,7.56,7.57,7.563,49,11
1641825968,7.57,7.57,7.55,7.55,7.555,20,6
1641825969,7.56,7.56,7.55,7.56,7.551,144,40
1641825970,7.56,7.57,7.55,7.56,7.56,29,15
1641825971,7.56,7.56,7.55,7.55,7.556,51,15
1641825972,7.56,7.56,7.55,7.55,7.554,24,6
1641825973,7.56,7.56,7.54,7.55,7.549,96,48
1641825974,7.54,7.55,7.53,7.54,7.54,55,22
1641825975,7.55,7.58,7.55,7.56,7.568,191,77
1641825976,7.56,7.57,7.55,7.56,7.557,81,25
1641825977,7.56,7.56,7.56,7.56,7.56,48,20
1641825978,7.56,7.57,7.55,7.56,7.565,133,18
1641825979,7.56,7.56,7.55,7.56,7.556,29,5
1641825980,7.55,7.56,7.55,7.56,7.558,4,2
1641825981,7.56,7.58,7.56,7.58,7.563,160,29
1641825982,7.58,7.6,7.58,7.6,7.584,119,34
1641825983,7.59,7.6,7.58,7.6,7.593,43,17
1641825984,7.58,7.6,7.58,7.6,7.592,66,18
1641825985,7.59,7.6,7.59,7.6,7.595,56,16
1641825986,7.59,7.6,7.57,7.59,7.582,109,30
1641825987,7.59,7.61,7.58,7.6,7.601,577,119
1641825988,7.59,7.61,7.59,7.61,7.602,115,25
1641825989,7.61,7.61,7.6,7.61,7.603,16,8
1641825990,7.61,7.62,7.61,7.62,7.616,146,27
1641825991,7.61,7.63,7.61,7.62,7.617,74,28
1641825992,7.61,7.63,7.61,7.62,7.614,97,22
1641825993,7.63,7.64,7.62,7.64,7.638,619,46
1641825994,7.63,7.64,7.63,7.64,7.638,120,33
1641825995,7.63,7.64,7.62,7.62,7.624,58,22
1641825996,7.63,7.63,7.62,7.63,7.623,136,14
1641825997,7.63,7.63,7.61,7.63,7.623,164,54
1641825998,7.63,7.63,7.61,7.62,7.616,50,12
1641825999,7.62,7.64,7.61,7.64,7.62,327,51
1641826000,7.64,7.64,7.62,7.64,7.629,106,26
1641826001,7.64,7.67,7.63,7.66,7.65,764,85
1641826002,7.66,7.66,7.64,7.66,7.651,158,46
1641826003,7.66,7.66,7.65,7.66,7.655,49,17
1641826004,7.65,7.66,7.63,7.63,7.644,180,62
1641826005,7.64,7.66,7.63,7.64,7.648,293,108
1641826006,7.65,7.65,7.63,7.65,7.642,36,12
1641826007,7.64,7.65,7.63,7.64,7.637,182,29
1641826008,7.64,7.64,7.63,7.64,7.636,25,12
1641826009,7.64,7.64,7.61,7.62,7.632,210,32
1641826010,7.62,7.64,7.62,7.62,7.623,130,31
1641826011,7.63,7.64,7.62,7.63,7.624,38,23
1641826012,7.63,7.63,7.61,7.63,7.621,156,51
1641826013,7.62,7.63,7.62,7.62,7.623,11,6
1641826014,7.61,7.62,7.61,7.61,7.617,50,14
1641826015,7.62,7.62,7.58,7.6,7.595,253,94
1641826016,7.6,7.61,7.58,7.6,7.597,154,63
1641826017,7.61,7.61,7.6,7.61,7.603,66,14
1641826018,7.61,7.62,7.6,7.62,7.614,247,21
1641826019,7.6,7.62,7.6,7.6,7.607,13,7
1641826020,7.62,7.63,7.61,7.62,7.619,85,48
1641826021,7.62,7.64,7.62,7.64,7.632,90,21
1641826022,7.64,7.64,7.63,7.64,7.638,194,17
1641826023,7.64,7.64,7.63,7.63,7.636,166,15
1641826024,7.63,7.64,7.62,7.63,7.631,154,25
1641826025,7.63,7.63,7.6,7.6,7.619,166,52
1641826026,7.61,7.61,7.6,7.6,7.604,90,10
1641826027,7.61,7.61,7.6,7.6,7.605,27,14
1641826028,7.6,7.61,7.6,7.61,7.603,46,19
1641826029,7.6,7.62,7.6,7.62,7.61,49,8
1641826030,7.62,7.62,7.61,7.62,7.619,43,9
1641826031,7.63,7.64,7.62,7.64,7.634,91,36
1641826032,7.64,7.64,7.63,7.63,7.636,46,8
1641826033,7.63,7.64,7.63,7.63,7.632,18,8
1641826034,7.63,7.64,7.63,7.64,7.637,87,19
1641826035,7.64,7.65,7.64,7.65,7.646,97,17
1641826036,7.64,7.65,7.64,7.65,7.648,19,7
1641826037,7.65,7.65,7.64,7.64,7.645,76,14
1641826038,7.65,7.65,7.64,7.64,7.645,74,19
1641826039,7.64,7.65,7.64,7.65,7.646,79,25
1641826040,7.65,7.65,7.64,7.65,7.648,58,18
1641826041,7.65,7.65,7.64,7.65,7.648,115,18
1641826042,7.64,7.65,7.64,7.64,7.645,77,16
1641826043,7.65,7.65,7.64,7.65,7.646,102,12
1641826044,7.65,7.65,7.64,7.64,7.644,71,15
1641826045,7.65,7.65,7.62,7.62,7.631,387,76
1641826046,7.63,7.63,7.62,7.62,7.623,207,44
1641826047,7.63,7.63,7.62,7.63,7.627,100,14
1641826048,7.62,7.63,7.62,7.62,7.625,67,13
1641826049,7.62,7.63,7.62,7.63,7.622,12,2
1641826050,7.63,7.64,7.63,7.64,7.632,83,24
1641826051,7.63,7.65,7.63,7.64,7.639,286,32
1641826052,7.65,7.65,7.64,7.65,7.647,137,14
1641826053,7.65,7.65,7.64,7.65,7.648,66,14
1641826054,7.64,7.66,7.64,7.65,7.651,145,34
1641826055,7.66,7.66,7.65,7.65,7.656,136,14
1641826056,7.66,7.67,7.65,7.67,7.658,241,63
1641826057,7.67,7.67,7.65,7.67,7.662,146,57
1641826058,7.66,7.67,7.66,7.67,7.667,174,51
1641826059,7.66,7.68,7.66,7.67,7.669,89,29
1641826060,7.68,7.73,7.67,7.72,7.702,1785,359
1641826061,7.72,7.73,7.7,7.7,7.72,549,111
1641826062,7.71,7.71,7.69,7.7,7.698,612,104
1641826063,7.7,7.7,7.67,7.67,7.686,362,87
1641826064,7.68,7.68,7.66,7.67,7.673,265,47
1641826065,7.67,7.69,7.67,7.67,7.678,267,85
1641826066,7.67,7.68,7.67,7.68,7.674,132,19
1641826067,7.67,7.69,7.67,7.68,7.679,117,29
1641826068,7.69,7.69,7.67,7.68,7.683,87,8
1641826069,7.69,7.69,7.68,7.69,7.685,91,34
1641826070,7.68,7.7,7.68,7.69,7.689,91,21
1641826071,7.69,7.7,7.69,7.7,7.691,171,42
1641826072,7.7,7.7,7.69,7.7,7.698,190,9
1641826073,7.69,7.7,7.69,7.7,7.695,170,42
1641826074,7.69,7.71,7.69,7.69,7.698,129,35
1641826075,7.7,7.71,7.69,7.7,7.699,102,22
1641826076,7.69,7.72,7.69,7.71,7.706,177,60
1641826077,7.71,7.72,7.71,7.71,7.713,338,67
1641826078,7.72,7.73,7.71,7.72,7.721,210,37
1641826079,7.72,7.73,7.71,7.73,7.719,240,55
1641826080,7.73,7.74,7.72,7.73,7.736,758,78
1641826081,7.74,7.74,7.72,7.74,7.733,200,52
1641826082,7.73,7.74,7.73,7.74,7.733,125,25
1641826083,7.73,7.74,7.73,7.74,7.737,216,31
1641826084,7.74,7.76,7.73,7.75,7.748,962,189
1641826085,7.75,7.77,7.75,7.77,7.76,304,63
1641826086,7.77,7.78,7.75,7.76,7.763,785,204
1641826087,7.76,7.77,7.75,7.75,7.764,531,105
1641826088,7.76,7.78,7.75,7.76,7.759,549,113
1641826089,7.77,7.78,7.75,7.76,7.765,223,33
1641826090,7.77,7.77,7.76,7.77,7.767,133,23
1641826091,7.77,7.77,7.76,7.77,7.763,169,37
1641826092,7.76,7.78,7.75,7.77,7.768,441,130
1641826093,7.77,7.78,7.76,7.77,7.772,286,44
1641826094,7.78,7.78,7.76,7.78,7.768,215,92
1641826095,7.78,7.79,7.76,7.77,7.774,484,107
1641826096,7.78,7.8,7.77,7.79,7.797,1330,74
1641826097,7.79,7.8,7.78,7.79,7.794,556,96
1641826098,7.79,7.8,7.78,7.79,7.79,393,65
1641826099,7.79,7.79,7.78,7.79,7.785,116,21
1641826100,7.79,7.8,7.78,7.79,7.792,193,43
1641826101,7.8,7.8,7.78,7.78,7.79,191,46
1641826102,7.79,7.8,7.77,7.78,7.782,220,86
1641826103,7.78,7.78,7.76,7.77,7.767,308,43
1641826104,7.77,7.78,7.75,7.75,7.764,548,102
1641826105,7.75,7.76,7.75,7.76,7.755,83,27
1641826106,7.76,7.76,7.75,7.75,7.758,169,50
1641826107,7.75,7.76,7.75,7.76,7.755,41,15
1641826108,7.76,7.76,7.75,7.75,7.751,299,61
1641826109,7.75,7.76,7.74,7.75,7.748,106,27
1641826110,7.75,7.77,7.74,7.76,7.758,588,174
1641826111,7.76,7.77,7.76,7.77,7.766,67,10
1641826112,7.76,7.77,7.76,7.77,7.765,150,37
1641826113,7.77,7.78,7.76,7.78,7.773,71,21
1641826114,7.78,7.79,7.77,7.79,7.786,94,24
1641826115,7.79,7.79,7.78,7.79,7.784,90,18
1641826116,7.78,7.79,7.78,7.79,7.783,134,26
1641826117,7.78,7.79,7.78,7.78,7.784,155,20
1641826118,7.78,7.79,7.78,7.78,7.782,102,46
1641826119,7.79,7.79,7.77,7.78,7.781,123,37
1641826120,7.78,7.79,7.78,7.79,7.783,138,29
1641826121,7.78,7.79,7.77,7.79,7.776,102,36
1641826122,7.79,7.79,7.78,7.78,7.782,41,10
1641826123,7.79,7.79,7.78,7.79,7.783,51,14
1641826124,7.79,7.8,7.78,7.79,7.791,261,61
1641826125,7.79,7.81,7.79,7.8,7.8,858,174
1641826126,7.81,7.82,7.8,7.81,7.808,403,79
1641826127,7.82,7.82,7.81,7.82,7.819,516,62
1641826128,7.82,7.84,7.81,7.83,7.828,956,107
1641826129,7.83,7.84,7.82,7.83,7.83,235,50
1641826130,7.83,7.83,7.8,7.8,7.815,552,108
1641826131,7.8,7.81,7.79,7.8,7.797,316,66
1641826132,7.8,7.8,7.78,7.8,7.792,476,76
1641826133,7.8,7.8,7.79,7.79,7.794,123,50
1641826134,7.79,7.82,7.78,7.81,7.808,442,142
1641826135,7.81,7.81,7.79,7.8,7.8,79,19
1641826136,7.8,7.81,7.79,7.79,7.8,98,34
1641826137,7.79,7.81,7.79,7.81,7.794,177,25
1641826138,7.81,7.81,7.8,7.81,7.806,64,19
1641826139,7.81,7.83,7.8,7.82,7.817,249,76
1641826140,7.82,7.83,7.81,7.81,7.821,258,54
1641826141,7.81,7.82,7.8,7.81,7.81,121,33
1641826142,7.8,7.81,7.8,7.8,7.804,225,43
1641826143,7.8,7.81,7.79,7.8,7.8,124,58
1641826144,7.8,7.8,7.79,7.79,7.793,307,28
1641826145,7.8,7.8,7.78,7.78,7.786,362,84
1641826146,7.79,7.79,7.76,7.77,7.777,288,73
1641826147,7.78,7.78,7.74,7.75,7.757,397,110
1641826148,7.75,7.76,7.74,7.74,7.749,357,55
1641826149,7.74,7.76,7.74,7.75,7.747,273,42
1641826150,7.75,7.77,7.74,7.77,7.755,131,54
1641826151,7.77,7.78,7.76,7.78,7.774,249,29
1641826152,7.78,7.79,7.76,7.79,7.773,83,29
1641826153,7.79,7.79,7.78,7.79,7.785,64,26
1641826154,7.79,7.79,7.77,7.79,7.788,170,26
1641826155,7.79,7.8,7.78,7.79,7.791,76,22
1641826156,7.8,7.8,7.79,7.8,7.795,19,12
1641826157,7.8,7.8,7.79,7.79,7.792,22,13
1641826158,7.8,7.8,7.78,7.79,7.79,106,35
1641826159,7.79,7.79,7.76,7.77,7.774,254,86
1641826160,7.77,7.79,7.77,7.78,7.785,142,25
1641826161,7.78,7.79,7.78,7.78,7.782,43,9
1641826162,7.79,7.79,7.78,7.79,7.784,104,18
1641826163,7.78,7.79,7.78,7.78,7.788,163,49
1641826164,7.79,7.79,7.78,7.79,7.783,16,5
1641826165,7.78,7.78,7.77,7.77,7.777,53,24
1641826166,7.77,7.78,7.76,7.77,7.767,121,46
1641826167,7.78,7.78,7.76,7.77,7.769,48,14
1641826168,7.77,7.77,7.76,7.76,7.765,98,26
1641826169,7.77,7.77,7.76,7.77,7.765,30,11
1641826170,7.77,7.78,7.76,7.76,7.765,188,47
1641826171,7.77,7.77,7.76,7.76,7.762,39,10
1641826172,7.76,7.78,7.76,7.77,7.77,168,93
1641826173,7.77,7.79,7.77,7.77,7.778,77,35
1641826174,7.77,7.78,7.77,7.77,7.777,74,11
1641826175,7.78,7.78,7.77,7.78,7.772,112,10
1641826176,7.78,7.78,7.76,7.76,7.768,181,38
1641826177,7.76,7.77,7.76,7.77,7.763,83,24
1641826178,7.76,7.76,7.75,7.76,7.753,43,21
1641826179,7.75,7.76,7.75,7.76,7.754,146,37
1641826180,7.76,7.76,7.75,7.76,7.753,61,25
1641826181,7.75,7.77,7.75,7.77,7.759,80,26
1641826182,7.77,7.77,7.76,7.77,7.767,106,13
1641826183,7.77,7.77,7.75,7.75,7.76,55,26
1641826184,7.75,7.76,7.75,7.76,7.751,14,4
1641826185,7.76,7.77,7.76,7.76,7.762,173,24
1641826186,7.77,7.77,7.76,7.77,7.764,34,12
1641826187,7.76,7.77,7.76,7.77,7.762,24,9
1641826188,7.76,7.78,7.76,7.78,7.769,207,40
1641826189,7.78,7.79,7.77,7.78,7.783,182,40
1641826190,7.79,7.79,7.78,7.78,7.788,111,11
1641826191,7.78,7.79,7.78,7.78,7.782,52,14
1641826192,7.78,7.8,7.78,7.79,7.789,107,32
1641826193,7.79,7.8,7.78,7.79,7.794,103,27
1641826194,7.79,7.79,7.78,7.79,7.784,79,17
1641826195,7.79,7.79,7.77,7.78,7.78,113,41
1641826196,7.78,7.78,7.76,7.77,7.767,69,31
1641826197,7.76,7.77,7.76,7.76,7.762,125,32
1641826198,7.76,7.77,7.76,7.77,7.763,35,13
1641826199,7.76,7.78,7.76,7.78,7.769,56,23
1641826200,7.78,7.78,7.77,7.78,7.778,112,19
1641826201,7.78,7.78,7.77,7.78,7.773,14,4
1641826202,7.78,7.8,7.77,7.79,7.786,83,27
1641826203,7.8,7.8,7.79,7.8,7.792,129,13
1641826204,7.8,7.8,7.78,7.78,7.792,142,33
1641826205,7.79,7.8,7.78,7.8,7.795,149,24
1641826206,7.79,7.82,7.79,7.81,7.805,621,131
1641826207,7.8,7.82,7.8,7.81,7.81,411,84
1641826208,7.81,7.83,7.8,7.82,7.818,194,67
1641826209,7.83,7.83,7.82,7.83,7.821,339,60
1641826210,7.82,7.83,7.81,7.82,7.822,210,55
1641826211,7.81,7.83,7.8,7.82,7.813,466,104
1641826212,7.82,7.83,7.81,7.82,7.814,603,27
1641826213,7.81,7.82,7.81,7.82,7.817,92,12
1641826214,7.82,7.82,7.78,7.78,7.795,250,51
1641826215,7.79,7.8,7.78,7.79,7.791,338,55
1641826216,7.78,7.78,7.75,7.75,7.773,469,83
1641826217,7.75,7.75,7.74,7.74,7.747,254,35
1641826218,7.75,7.75,7.73,7.73,7.735,194,67
1641826219,7.73,7.76,7.72,7.73,7.737,477,135
1641826220,7.73,7.73,7.71,7.71,7.719,199,60
1641826221,7.72,7.73,7.71,7.73,7.726,344,57
1641826222,7.73,7.74,7.72,7.74,7.731,102,19
1641826223,7.74,7.74,7.72,7.74,7.731,110,46
1641826224,7.74,7.74,7.72,7.73,7.731,60,22
1641826225,7.72,7.73,7.7,7.71,7.712,229,43
1641826226,7.7,7.71,7.65,7.67,7.67,937,209
1641826227,7.67,7.68,7.66,7.68,7.664,616,82
1641826228,7.67,7.69,7.66,7.67,7.673,509,110
1641826229,7.67,7.68,7.67,7.68,7.674,198,49
1641826230,7.67,7.69,7.67,7.67,7.68,206,50
1641826231,7.67,7.68,7.66,7.67,7.669,220,72
1641826232,7.67,7.67,7.65,7.65,7.656,372,96
1641826233,7.66,7.66,7.63,7.64,7.635,468,108
1641826234,7.63,7.65,7.63,7.64,7.639,251,50
1641826235,7.65,7.66,7.64,7.66,7.652,297,91
1641826236,7.67,7.67,7.64,7.65,7.653,302,63
1641826237,7.66,7.66,7.65,7.65,7.654,113,34
1641826238,7.65,7.66,7.65,7.66,7.656,135,30
1641826239,7.65,7.66,7.65,7.65,7.658,119,47
1641826240,7.65,7.66,7.65,7.65,7.659,65,9
1641826241,7.66,7.66,7.65,7.65,7.651,81,36
1641826242,7.65,7.66,7.64,7.66,7.65,171,26
1641826243,7.65,7.66,7.64,7.65,7.647,78,27
1641826244,7.65,7.65,7.63,7.63,7.637,158,42
1641826245,7.64,7.65,7.63,7.64,7.64,102,59
1641826246,7.65,7.65,7.63,7.63,7.641,111,50
1641826247,7.64,7.64,7.63,7.63,7.631,45,11
1641826248,7.64,7.65,7.63,7.64,7.636,79,30
1641826249,7.64,7.65,7.63,7.64,7.638,176,25
1641826250,7.64,7.64,7.63,7.64,7.639,277,20
1641826251,7.63,7.64,7.63,7.64,7.637,37,18
1641826252,7.64,7.64,7.63,7.64,7.635,44,8
1641826253,7.64,7.68,7.63,7.67,7.655,464,161
1641826254,7.68,7.69,7.67,7.68,7.681,130,50
1641826255,7.68,7.69,7.66,7.67,7.677,156,43
1641826256,7.67,7.68,7.66,7.67,7.665,153,42
1641826257,7.67,7.68,7.66,7.67,7.671,141,39
1641826258,7.67,7.67,7.66,7.67,7.668,12,10
1641826259,7.67,7.68,7.67,7.68,7.674,40,6
1641826260,7.67,7.68,7.67,7.67,7.673,60,7
1641826261,7.68,7.68,7.66,7.68,7.668,124,36
1641826262,7.67,7.68,7.66,7.68,7.676,35,15
1641826263,7.67,7.68,7.66,7.67,7.667,297,70
1641826264,7.67,7.68,7.67,7.68,7.673,161,29
1641826265,7.68,7.69,7.67,7.68,7.679,197,55
1641826266,7.69,7.69,7.67,7.68,7.678,41,17
1641826267,7.68,7.68,7.67,7.68,7.68,104,3
1641826268,7.68,7.68,7.67,7.67,7.675,123,10
1641826269,7.68,7.68,7.67,7.67,7.674,3,2
1641826270,7.67,7.68,7.67,7.67,7.671,71,4
1641826271,7.68,7.68,7.67,7.67,7.674,102,27
1641826272,7.66,7.68,7.66,7.68,7.674,53,28
1641826273,7.68,7.69,7.68,7.68,7.681,88,13
1641826274,7.68,7.69,7.68,7.68,7.683,41,18
1641826275,7.68,7.69,7.68,7.69,7.689,132,58
1641826276,7.69,7.69,7.68,7.69,7.683,88,9
1641826277,7.68,7.69,7.68,7.68,7.682,69,8
1641826278,7.69,7.69,7.67,7.68,7.682,96,24
1641826279,7.68,7.68,7.67,7.67,7.675,68,31
1641826280,7.68,7.68,7.67,7.67,7.674,26,8
1641826281,7.67,7.68,7.65,7.66,7.662,165,50
1641826282,7.66,7.67,7.65,7.65,7.656,106,17
1641826283,7.65,7.66,7.64,7.64,7.649,205,30
1641826284,7.64,7.65,7.63,7.64,7.635,93,33
1641826285,7.64,7.64,7.6,7.6,7.609,827,214
1641826286,7.6,7.63,7.6,7.63,7.609,97,60
1641826287,7.63,7.63,7.61,7.63,7.618,170,32
1641826288,7.61,7.64,7.6,7.64,7.616,604,126
1641826289,7.64,7.65,7.64,7.64,7.647,149,32
1641826290,7.65,7.66,7.65,7.66,7.651,478,55
1641826291,7.65,7.66,7.63,7.65,7.648,159,31
1641826292,7.65,7.65,7.64,7.64,7.645,28,8
1641826293,7.64,7.65,7.64,7.64,7.642,37,10
1641826294,7.63,7.65,7.63,7.64,7.634,109,18
1641826295,7.64,7.65,7.63,7.63,7.637,66,10
1641826296,7.65,7.65,7.63,7.64,7.646,64,5
1641826297,7.64,7.64,7.62,7.63,7.632,71,25
1641826298,7.63,7.63,7.61,7.63,7.619,84,29
1641826299,7.62,7.62,7.6,7.61,7.607,114,37
1641826300,7.6,7.62,7.6,7.62,7.608,96,19
1641826301,7.62,7.62,7.6,7.62,7.607,88,28
1641826302,7.62,7.62,7.61,7.62,7.618,12,7
1641826303,7.61,7.62,7.61,7.62,7.611,147,12
1641826304,7.62,7.62,7.61,7.62,7.611,52,24
1641826305,7.62,7.64,7.61,7.63,7.63,330,45
1641826306,7.64,7.64,7.61,7.62,7.62,161,42
1641826307,7.62,7.62,7.61,7.61,7.612,29,8
1641826308,7.62,7.62,7.61,7.62,7.617,71,6
1641826309,7.62,7.62,7.61,7.62,7.616,116,46
1641826310,7.62,7.62,7.61,7.61,7.611,130,25
1641826311,7.61,7.62,7.6,7.61,7.61,91,35
1641826312,7.61,7.61,7.6,7.61,7.606,203,41
1641826313,7.62,7.62,7.6,7.61,7.609,58,30
1641826314,7.61,7.61,7.6,7.6,7.602,118,12
1641826315,7.61,7.61,7.6,7.61,7.604,58,11
1641826316,7.6,7.62,7.6,7.61,7.608,179,85
1641826317,7.61,7.61,7.6,7.61,7.606,9,4
1641826318,7.61,7.61,7.6,7.61,7.605,57,20
1641826319,7.62,7.62,7.61,7.62,7.617,32,7
1641826320,7.61,7.63,7.61,7.63,7.619,140,42
1641826321,7.62,7.63,7.62,7.63,7.624,40,9
1641826322,7.63,7.64,7.62,7.63,7.629,16,6
1641826323,7.63,7.65,7.63,7.63,7.635,24,10
1641826324,7.64,7.64,7.63,7.63,7.637,80,16
1641826325,7.64,7.65,7.63,7.65,7.639,57,17
1641826326,7.65,7.66,7.64,7.66,7.652,237,54
1641826327,7.66,7.66,7.65,7.66,7.658,101,9
1641826328,7.66,7.66,7.65,7.66,7.656,45,18
1641826329,7.65,7.66,7.65,7.66,7.659,14,2
1641826330,7.65,7.66,7.64,7.65,7.649,69,41
1641826331,7.64,7.65,7.64,7.64,7.641,78,37
1641826332,7.64,7.64,7.63,7.63,7.639,46,19
1641826333,7.64,7.65,7.64,7.65,7.643,29,6
1641826334,7.64,7.65,7.64,7.65,7.645,28,7
1641826335,7.65,7.66,7.64,7.66,7.65,151,36
1641826336,7.66,7.66,7.65,7.66,7.652,129,11
1641826337,7.66,7.67,7.66,7.67,7.664,146,39
1641826338,7.66,7.67,7.66,7.66,7.662,47,10
1641826339,7.67,7.67,7.66,7.66,7.666,55,11
1641826340,7.66,7.67,7.66,7.66,7.663,18,11
1641826341,7.67,7.67,7.66,7.67,7.667,60,6
1641826342,7.66,7.67,7.66,7.67,7.665,34,11
1641826343,7.66,7.67,7.66,7.67,7.665,80,14
1641826344,7.66,7.67,7.66,7.66,7.666,21,6
1641826345,7.66,7.67,7.65,7.65,7.655,169,25
1641826346,7.65,7.66,7.65,7.65,7.653,24,13
1641826347,7.65,7.67,7.65,7.67,7.661,71,21
1641826348,7.67,7.68,7.67,7.68,7.673,232,77
1641826349,7.68,7.68,7.67,7.68,7.68,164,44
1641826350,7.68,7.69,7.67,7.68,7.684,210,73
1641826351,7.69,7.69,7.68,7.68,7.688,42,9
1641826352,7.69,7.69,7.68,7.68,7.684,104,13
1641826353,7.69,7.69,7.68,7.68,7.682,68,9
1641826354,7.68,7.69,7.67,7.68,7.681,305,48
1641826355,7.68,7.68,7.67,7.68,7.675,25,10
1641826356,7.68,7.68,7.67,7.68,7.677,72,26
1641826357,7.68,7.68,7.67,7.68,7.679,91,21
1641826358,7.67,7.68,7.67,7.68,7.679,29,13
1641826359,7.67,7.68,7.67,7.68,7.676,9,5
1641826360,7.68,7.68,7.67,7.68,7.676,77,3
1641826361,7.68,7.68,7.67,7.68,7.67,77,26
1641826362,7.66,7.67,7.66,7.67,7.663,32,14
1641826363,7.67,7.67,7.65,7.66,7.66,414,72
1641826364,7.66,7.67,7.66,7.66,7.661,11,10
1641826365,7.67,7.67,7.66,7.66,7.665,83,38
1641826366,7.67,7.67,7.66,7.67,7.669,50,16
1641826367,7.66,7.67,7.66,7.67,7.668,55,11
1641826368,7.66,7.67,7.65,7.66,7.659,57,32
1641826369,7.65,7.66,7.65,7.65,7.651,84,21
1641826370,7.66,7.66,7.65,7.65,7.651,157,30
1641826371,7.66,7.66,7.61,7.61,7.625,570,148
1641826372,7.6,7.61,7.59,7.6,7.599,182,59
1641826373,7.6,7.61,7.6,7.61,7.601,102,16
1641826374,7.61,7.61,7.6,7.61,7.61,40,13
1641826375,7.61,7.61,7.6,7.61,7.607,20,6
1641826376,7.6,7.61,7.6,7.61,7.602,111,36
1641826377,7.61,7.61,7.6,7.6,7.605,82,12
1641826378,7.61,7.62,7.6,7.61,7.61,77,28
1641826379,7.61,7.62,7.61,7.62,7.613,59,16
1641826380,7.62,7.63,7.61,7.62,7.62,52,34
1641826381,7.63,7.63,7.62,7.63,7.626,37,8
1641826382,7.62,7.63,7.62,7.63,7.621,90,19
1641826383,7.63,7.63,7.62,7.62,7.625,20,2
1641826384,7.63,7.63,7.62,7.63,7.623,12,5
1641826385,7.62,7.63,7.62,7.62,7.624,51,16
1641826386,7.62,7.63,7.62,7.62,7.62,68,39
1641826387,7.62,7.63,7.62,7.63,7.624,64,24
1641826388,7.63,7.63,7.62,7.63,7.623,25,8
1641826389,7.62,7.63,7.62,7.62,7.624,24,8
1641826390,7.62,7.63,7.62,7.63,7.624,33,5
1641826391,7.63,7.63,7.62,7.62,7.625,39,19
1641826392,7.63,7.63,7.62,7.63,7.626,16,7
1641826393,7.63,7.63,7.62,7.62,7.627,30,10
1641826394,7.62,7.63,7.62,7.63,7.623,75,21
1641826395,7.63,7.64,7.62,7.64,7.631,31,12
1641826396,7.63,7.64,7.62,7.62,7.629,66,11
1641826397,7.63,7.63,7.62,7.63,7.627,62,7
1641826398,7.62,7.63,7.62,7.62,7.621,81,6
1641826399,7.62,7.63,7.62,7.63,7.623,35,6
1641826400,7.63,7.63,7.62,7.62,7.622,93,44
1641826401,7.62,7.63,7.62,7.62,7.622,24,7
1641826402,7.63,7.63,7.62,7.63,7.63,51,2
1641826403,7.62,7.63,7.61,7.61,7.617,45,24
1641826404,7.61,7.61,7.57,7.58,7.589,430,147
1641826405,7.57,7.58,7.57,7.57,7.571,182,50
1641826406,7.58,7.58,7.57,7.57,7.575,152,27
1641826407,7.57,7.59,7.57,7.58,7.582,101,21
1641826408,7.58,7.59,7.58,7.59,7.585,175,49
1641826409,7.59,7.6,7.59,7.59,7.592,58,11
1641826410,7.59,7.61,7.59,7.6,7.594,187,39
1641826411,7.6,7.6,7.59,7.6,7.595,47,14
1641826412,7.6,7.6,7.6,7.6,7.6,0,0
1641826413,7.6,7.61,7.59,7.61,7.605,159,27
1641826414,7.61,7.61,7.6,7.61,7.606,28,12
1641826415,7.6,7.61,7.6,7.61,7.606,35,10
1641826416,7.6,7.64,7.6,7.64,7.62,298,124
1641826417,7.64,7.64,7.63,7.64,7.631,264,40
1641826418,7.64,7.67,7.64,7.66,7.658,737,106
1641826419,7.67,7.68,7.65,7.66,7.67,541,99
1641826420,7.66,7.66,7.65,7.66,7.659,118,22
1641826421,7.65,7.66,7.65,7.65,7.655,28,6
1641826422,7.65,7.66,7.65,7.65,7.655,50,9
1641826423,7.65,7.66,7.65,7.66,7.657,79,12
1641826424,7.66,7.66,7.65,7.66,7.656,18,8
1641826425,7.66,7.67,7.66,7.67,7.662,105,33
1641826426,7.67,7.68,7.66,7.66,7.67,55,28
1641826427,7.67,7.68,7.67,7.68,7.676,77,11
1641826428,7.68,7.73,7.67,7.73,7.694,796,119
1641826429,7.72,7.73,7.71,7.73,7.722,207,21
1641826430,7.72,7.73,7.71,7.72,7.723,196,59
1641826431,7.72,7.72,7.71,7.71,7.714,51,19
1641826432,7.72,7.72,7.69,7.69,7.701,252,38
1641826433,7.7,7.7,7.67,7.68,7.685,304,103
1641826434,7.67,7.68,7.67,7.67,7.675,181,50
1641826435,7.67,7.71,7.67,7.69,7.702,1324,85
1641826436,7.71,7.71,7.7,7.71,7.706,80,21
1641826437,7.71,7.73,7.7,7.73,7.716,125,45
1641826438,7.73,7.74,7.72,7.74,7.729,290,62
1641826439,7.74,7.75,7.7,7.73,7.725,735,213
1641826440,7.7,7.73,7.7,7.73,7.718,149,62
1641826441,7.72,7.73,7.72,7.73,7.725,97,25
1641826442,7.73,7.73,7.72,7.73,7.724,148,57
1641826443,7.73,7.73,7.72,7.73,7.728,107,17
1641826444,7.72,7.73,7.72,7.73,7.723,121,24
1641826445,7.72,7.73,7.72,7.73,7.723,36,9
1641826446,7.73,7.73,7.72,7.72,7.722,100,12
1641826447,7.72,7.73,7.7,7.7,7.71,283,77
1641826448,7.71,7.71,7.69,7.69,7.701,94,30
1641826449,7.7,7.7,7.69,7.7,7.693,44,18
1641826450,7.69,7.7,7.68,7.68,7.684,51,26
1641826451,7.69,7.69,7.68,7.69,7.683,84,12
1641826452,7.68,7.69,7.68,7.69,7.682,16,5
1641826453,7.68,7.69,7.68,7.69,7.685,125,37
1641826454,7.69,7.7,7.68,7.7,7.695,121,30
1641826455,7.7,7.72,7.69,7.71,7.7,320,88
1641826456,7.7,7.72,7.7,7.72,7.711,130,68
1641826457,7.71,7.72,7.71,7.72,7.715,45,10
1641826458,7.71,7.72,7.69,7.7,7.705,218,56
1641826459,7.71,7.71,7.7,7.7,7.705,29,9
1641826460,7.71,7.72,7.7,7.71,7.712,36,7
1641826461,7.71,7.72,7.71,7.71,7.711,97,6
1641826462,7.72,7.72,7.71,7.72,7.716,42,6
1641826463,7.72,7.72,7.7,7.7,7.71,97,29
1641826464,7.71,7.71,7.7,7.7,7.703,44,8
1641826465,7.7,7.71,7.7,7.7,7.705,59,5
1641826466,7.7,7.71,7.69,7.7,7.7,195,33
1641826467,7.69,7.7,7.69,7.69,7.692,39,7
1641826468,7.7,7.7,7.69,7.69,7.694,14,5
1641826469,7.7,7.7,7.69,7.69,7.695,42,15
1641826470,7.7,7.71,7.69,7.7,7.7,63,35
1641826471,7.7,7.7,7.67,7.68,7.681,303,71
1641826472,7.67,7.68,7.67,7.68,7.671,86,31
1641826473,7.68,7.68,7.67,7.67,7.674,13,8
1641826474,7.67,7.68,7.67,7.67,7.672,35,8
1641826475,7.68,7.68,7.67,7.67,7.677,15,6
1641826476,7.68,7.68,7.67,7.67,7.67,11,4
1641826477,7.68,7.68,7.67,7.67,7.67,52,28
1641826478,7.67,7.68,7.67,7.68,7.674,7,3
1641826479,7.67,7.67,7.64,7.65,7.657,101,54
1641826480,7.65,7.65,7.62,7.62,7.635,183,61
1641826481,7.63,7.65,7.63,7.65,7.637,311,64
1641826482,7.64,7.65,7.63,7.65,7.639,77,13
1641826483,7.64,7.65,7.63,7.65,7.642,77,32
1641826484,7.64,7.65,7.63,7.65,7.64,152,49
1641826485,7.65,7.65,7.64,7.65,7.647,75,50
1641826486,7.64,7.65,7.63,7.63,7.636,49,13
1641826487,7.64,7.64,7.63,7.64,7.636,3,3
1641826488,7.64,7.64,7.62,7.63,7.631,83,22
1641826489,7.63,7.64,7.63,7.64,7.631,57,18
1641826490,7.64,7.64,7.63,7.63,7.638,208,51
1641826491,7.64,7.64,7.63,7.64,7.638,23,12
1641826492,7.64,7.64,7.63,7.64,7.633,48,9
1641826493,7.63,7.64,7.61,7.61,7.617,556,69
1641826494,7.61,7.62,7.61,7.62,7.613,101,14
1641826495,7.61,7.63,7.61,7.63,7.62,59,29
1641826496,7.62,7.63,7.6,7.61,7.604,281,84
1641826497,7.61,7.62,7.6,7.6,7.605,218,43
1641826498,7.61,7.61,7.6,7.61,7.606,81,9
1641826499,7.6,7.62,7.6,7.61,7.603,112,41
1641826500,7.6,7.62,7.6,7.62,7.607,140,65
1641826501,7.62,7.63,7.61,7.63,7.624,183,46
1641826502,7.63,7.63,7.62,7.63,7.623,226,55
1641826503,7.63,7.63,7.62,7.63,7.629,144,52
1641826504,7.63,7.63,7.62,7.62,7.626,96,27
1641826505,7.63,7.63,7.62,7.62,7.628,72,14
1641826506,7.62,7.63,7.62,7.62,7.624,19,8
1641826507,7.63,7.63,7.62,7.63,7.627,85,8
1641826508,7.62,7.63,7.61,7.62,7.618,170,29
1641826509,7.62,7.62,7.61,7.62,7.614,101,18
1641826510,7.62,7.62,7.61,7.61,7.611,70,9
1641826511,7.61,7.62,7.6,7.61,7.602,120,14
1641826512,7.6,7.61,7.6,7.61,7.604,42,13
1641826513,7.6,7.61,7.6,7.6,7.607,127,14
1641826514,7.61,7.61,7.6,7.61,7.609,26,5
1641826515,7.61,7.62,7.61,7.62,7.611,42,20
1641826516,7.62,7.62,7.61,7.62,7.616,64,9
1641826517,7.62,7.62,7.61,7.61,7.619,79,13
1641826518,7.62,7.62,7.61,7.61,7.614,13,8
1641826519,7.62,7.62,7.61,7.61,7.616,79,24
1641826520,7.61,7.62,7.61,7.61,7.61,51,16
1641826521,7.62,7.62,7.61,7.62,7.617,23,5
1641826522,7.62,7.62,7.61,7.61,7.614,11,5
1641826523,7.61,7.62,7.6,7.61,7.603,107,20
1641826524,7.6,7.61,7.6,7.6,7.602,11,7
1641826525,7.6,7.61,7.6,7.61,7.603,165,9
1641826526,7.61,7.61,7.58,7.58,7.594,243,65
1641826527,7.58,7.59,7.58,7.58,7.581,141,39
1641826528,7.58,7.59,7.58,7.58,7.582,92,36
1641826529,7.59,7.59,7.56,7.57,7.564,311,133
1641826530,7.57,7.58,7.56,7.57,7.57,256,146
1641826531,7.57,7.58,7.56,7.57,7.575,348,78
1641826532,7.57,7.58,7.57,7.57,7.574,61,27
1641826533,7.57,7.58,7.55,7.56,7.56,339,63
1641826534,7.56,7.57,7.55,7.57,7.562,166,66
1641826535,7.58,7.58,7.56,7.56,7.565,179,48
1641826536,7.57,7.58,7.56,7.57,7.57,129,40
1641826537,7.57,7.58,7.56,7.58,7.564,111,18
1641826538,7.57,7.58,7.56,7.57,7.568,74,26
1641826539,7.57,7.58,7.56,7.57,7.573,123,38
1641826540,7.57,7.58,7.57,7.57,7.573,92,19
1641826541,7.58,7.58,7.57,7.57,7.57,32,5
1641826542,7.57,7.59,7.57,7.59,7.58,69,20
1641826543,7.58,7.59,7.56,7.56,7.574,271,85
1641826544,7.57,7.58,7.56,7.58,7.566,86,24
1641826545,7.58,7.59,7.57,7.59,7.576,100,38
1641826546,7.58,7.6,7.58,7.59,7.596,127,37
1641826547,7.59,7.61,7.59,7.61,7.598,117,29
1641826548,7.6,7.61,7.59,7.59,7.601,83,42
1641826549,7.61,7.61,7.59,7.59,7.596,39,13
1641826550,7.6,7.61,7.59,7.6,7.602,75,24
1641826551,7.61,7.61,7.58,7.58,7.589,67,29
1641826552,7.59,7.59,7.58,7.58,7.586,20,5
1641826553,7.59,7.59,7.58,7.58,7.587,13,4
1641826554,7.58,7.59,7.58,7.59,7.59,51,2
1641826555,7.58,7.59,7.58,7.59,7.583,49,29
1641826556,7.58,7.59,7.58,7.58,7.589,38,6
1641826557,7.59,7.59,7.58,7.58,7.584,17,6
1641826558,7.58,7.59,7.58,7.58,7.589,80,7
1641826559,7.58,7.59,7.58,7.59,7.581,55,8
1641826560,7.58,7.6,7.58,7.6,7.594,189,51
1641826561,7.61,7.61,7.6,7.61,7.608,77,13
1641826562,7.61,7.61,7.57,7.59,7.578,901,82
1641826563,7.59,7.59,7.58,7.58,7.588,116,10
1641826564,7.59,7.63,7.58,7.63,7.602,1604,116
1641826565,7.63,7.64,7.63,7.64,7.636,128,35
1641826566,7.63,7.64,7.62,7.62,7.631,128,60
1641826567,7.63,7.63,7.61,7.61,7.622,68,15
1641826568,7.62,7.62,7.61,7.62,7.619,30,8
1641826569,7.62,7.63,7.61,7.62,7.626,59,42
1641826570,7.62,7.63,7.62,7.63,7.629,91,28
1641826571,7.63,7.64,7.61,7.63,7.629,86,19
1641826572,7.63,7.64,7.63,7.64,7.636,153,13
1641826573,7.63,7.64,7.63,7.64,7.638,152,28
1641826574,7.64,7.64,7.63,7.64,7.638,230,31
1641826575,7.64,7.65,7.63,7.65,7.643,83,33
1641826576,7.65,7.66,7.64,7.66,7.654,117,28
1641826577,7.67,7.67,7.63,7.64,7.653,236,95
1641826578,7.63,7.66,7.63,7.66,7.644,513,54
1641826579,7.65,7.66,7.65,7.66,7.658,182,23
1641826580,7.65,7.66,7.65,7.66,7.658,92,8
1641826581,7.66,7.66,7.64,7.65,7.652,258,25
1641826582,7.64,7.65,7.63,7.64,7.641,143,38
1641826583,7.65,7.65,7.64,7.64,7.644,64,19
1641826584,7.65,7.65,7.64,7.65,7.643,58,18
1641826585,7.64,7.67,7.64,7.67,7.657,146,38
1641826586,7.66,7.67,7.66,7.67,7.667,113,21
1641826587,7.67,7.67,7.66,7.66,7.666,15,11
1641826588,7.67,7.67,7.66,7.66,7.664,40,13
1641826589,7.66,7.69,7.65,7.69,7.673,362,68
1641826590,7.69,7.7,7.68,7.7,7.694,48,14
1641826591,7.69,7.7,7.68,7.69,7.696,127,39
1641826592,7.69,7.7,7.68,7.7,7.695,302,32
1641826593,7.69,7.7,7.68,7.69,7.69,101,38
1641826594,7.69,7.69,7.68,7.68,7.682,25,3
1641826595,7.69,7.69,7.68,7.68,7.683,153,34
1641826596,7.69,7.69,7.68,7.69,7.688,83,17
1641826597,7.68,7.69,7.68,7.69,7.689,110,5
1641826598,7.69,7.69,7.67,7.67,7.676,342,76
1641826599,7.67,7.68,7.64,7.65,7.665,365,119
1641826600,7.65,7.66,7.65,7.65,7.655,228,48
1641826601,7.65,7.66,7.65,7.65,7.65,105,34
1641826602,7.64,7.65,7.64,7.64,7.647,121,26
1641826603,7.64,7.65,7.64,7.64,7.642,80,26
1641826604,7.64,7.65,7.62,7.62,7.626,780,194
1641826605,7.63,7.65,7.61,7.62,7.622,294,119
1641826606,7.62,7.63,7.61,7.62,7.619,167,44
1641826607,7.63,7.63,7.6,7.61,7.612,622,137
1641826608,7.61,7.62,7.6,7.61,7.611,99,21
1641826609,7.61,7.61,7.6,7.6,7.603,147,18
1641826610,7.61,7.61,7.6,7.6,7.604,81,33
1641826611,7.6,7.6,7.58,7.59,7.587,364,73
1641826612,7.58,7.61,7.56,7.57,7.583,181,43
1641826613,7.56,7.58,7.56,7.58,7.564,102,19
1641826614,7.57,7.58,7.56,7.58,7.569,131,40
1641826615,7.57,7.57,7.56,7.56,7.564,51,17
1641826616,7.56,7.57,7.56,7.56,7.562,99,36
1641826617,7.55,7.57,7.54,7.54,7.549,474,122
1641826618,7.54,7.54,7.53,7.54,7.534,338,49
1641826619,7.54,7.54,7.53,7.53,7.536,120,51
1641826620,7.54,7.55,7.52,7.53,7.526,456,148
1641826621,7.53,7.54,7.52,7.54,7.533,120,18
1641826622,7.53,7.54,7.52,7.53,7.526,174,76
1641826623,7.52,7.53,7.51,7.52,7.519,378,74
1641826624,7.52,7.53,7.51,7.52,7.516,144,71
1641826625,7.52,7.55,7.52,7.53,7.53,496,120
1641826626,7.53,7.54,7.52,7.53,7.529,145,81
1641826627,7.53,7.54,7.52,7.53,7.529,46,11
1641826628,7.52,7.53,7.5,7.5,7.507,851,224
1641826629,7.5,7.52,7.5,7.51,7.504,186,39
1641826630,7.5,7.52,7.5,7.51,7.503,213,13
1641826631,7.52,7.52,7.51,7.51,7.517,70,28
1641826632,7.52,7.53,7.51,7.52,7.521,97,26
1641826633,7.52,7.52,7.5,7.51,7.512,315,67
1641826634,7.52,7.52,7.5,7.52,7.514,45,14
1641826635,7.52,7.52,7.51,7.52,7.516,56,12
1641826636,7.52,7.52,7.5,7.51,7.511,76,21
1641826637,7.5,7.52,7.5,7.52,7.512,42,19
1641826638,7.52,7.52,7.51,7.52,7.515,47,19
1641826639,7.52,7.52,7.51,7.52,7.513,24,6
1641826640,7.52,7.52,7.51,7.52,7.517,13,7
1641826641,7.52,7.52,7.51,7.51,7.515,20,5
1641826642,7.51,7.52,7.51,7.52,7.514,48,33
1641826643,7.52,7.52,7.51,7.51,7.512,88,29
1641826644,7.51,7.52,7.5,7.51,7.506,95,28
1641826645,7.51,7.52,7.5,7.5,7.503,91,22
1641826646,7.51,7.51,7.49,7.49,7.499,369,91
1641826647,7.49,7.5,7.48,7.49,7.484,228,73
1641826648,7.49,7.51,7.49,7.51,7.505,233,51
1641826649,7.51,7.52,7.5,7.5,7.507,121,30
1641826650,7.51,7.52,7.51,7.52,7.515,96,32
1641826651,7.51,7.52,7.51,7.51,7.514,77,13
1641826652,7.51,7.52,7.51,7.52,7.512,34,9
1641826653,7.52,7.52,7.51,7.51,7.516,201,75
1641826654,7.5,7.51,7.5,7.51,7.508,68,19
1641826655,7.5,7.51,7.49,7.5,7.5,118,54
1641826656,7.5,7.51,7.5,7.51,7.503,70,14
1641826657,7.51,7.51,7.5,7.5,7.509,43,7
1641826658,7.5,7.51,7.5,7.5,7.502,51,22
1641826659,7.5,7.51,7.5,7.51,7.506,13,5
1641826660,7.5,7.51,7.5,7.5,7.503,109,48
1641826661,7.51,7.51,7.49,7.5,7.501,260,49
1641826662,7.5,7.51,7.5,7.51,7.503,115,40
1641826663,7.5,7.5,7.49,7.5,7.5,66,18
1641826664,7.5,7.5,7.49,7.5,7.495,101,20
1641826665,7.5,7.5,7.49,7.5,7.497,70,27
1641826666,7.49,7.5,7.49,7.5,7.495,102,21
1641826667,7.5,7.5,7.49,7.5,7.497,41,5
1641826668,7.5,7.5,7.49,7.49,7.497,33,7
1641826669,7.5,7.5,7.49,7.5,7.491,140,60
1641826670,7.49,7.5,7.48,7.49,7.491,133,24
1641826671,7.49,7.49,7.48,7.49,7.488,65,13
1641826672,7.5,7.5,7.49,7.5,7.494,17,8
1641826673,7.49,7.5,7.49,7.5,7.499,121,54
1641826674,7.5,7.5,7.49,7.5,7.5,97,5
1641826675,7.49,7.5,7.49,7.5,7.492,60,19
1641826676,7.49,7.5,7.49,7.5,7.496,90,14
1641826677,7.5,7.5,7.49,7.5,7.495,110,51
1641826678,7.49,7.5,7.49,7.5,7.493,53,20
1641826679,7.5,7.5,7.49,7.5,7.5,51,7
1641826680,7.5,7.52,7.49,7.52,7.51,242,78
1641826681,7.52,7.52,7.51,7.52,7.52,141,23
1641826682,7.52,7.52,7.51,7.52,7.513,65,9
1641826683,7.52,7.52,7.51,7.52,7.518,70,15
1641826684,7.52,7.52,7.51,7.52,7.519,176,17
1641826685,7.51,7.52,7.5,7.51,7.51,166,57
1641826686,7.51,7.52,7.5,7.51,7.51,33,12
1641826687,7.51,7.52,7.51,7.52,7.514,41,11
1641826688,7.51,7.52,7.51,7.52,7.519,46,4
1641826689,7.52,7.52,7.51,7.51,7.518,266,12
1641826690,7.51,7.51,7.5,7.5,7.505,14,4
1641826691,7.51,7.51,7.5,7.5,7.505,47,22
1641826692,7.5,7.51,7.5,7.51,7.503,9,3
1641826693,7.51,7.51,7.49,7.49,7.496,176,88
1641826694,7.49,7.5,7.49,7.5,7.492,44,8
1641826695,7.5,7.5,7.47,7.48,7.483,355,72
1641826696,7.47,7.48,7.47,7.47,7.471,62,24
1641826697,7.47,7.48,7.45,7.46,7.461,565,198
1641826698,7.46,7.47,7.45,7.47,7.462,235,30
1641826699,7.47,7.48,7.46,7.47,7.465,513,62
1641826700,7.48,7.49,7.46,7.48,7.485,171,28
1641826701,7.49,7.49,7.47,7.48,7.48,179,21
1641826702,7.48,7.48,7.47,7.48,7.479,52,9
1641826703,7.48,7.49,7.48,7.49,7.487,126,17
1641826704,7.49,7.49,7.48,7.49,7.486,84,31
1641826705,7.49,7.49,7.48,7.49,7.488,46,9
1641826706,7.48,7.49,7.48,7.48,7.484,19,8
1641826707,7.49,7.49,7.48,7.49,7.488,194,38
1641826708,7.49,7.49,7.48,7.49,7.489,43,28
1641826709,7.49,7.49,7.48,7.48,7.482,58,10
1641826710,7.48,7.49,7.48,7.49,7.488,98,50
1641826711,7.49,7.5,7.47,7.48,7.487,591,134
1641826712,7.48,7.48,7.47,7.48,7.478,40,10
1641826713,7.48,7.49,7.47,7.48,7.48,73,27
1641826714,7.48,7.48,7.47,7.48,7.474,121,22
1641826715,7.47,7.48,7.47,7.48,7.478,32,16
1641826716,7.48,7.48,7.47,7.47,7.47,81,41
1641826717,7.47,7.47,7.46,7.46,7.463,97,10
1641826718,7.46,7.47,7.46,7.46,7.469,239,18
1641826719,7.47,7.47,7.46,7.47,7.464,57,17
1641826720,7.46,7.47,7.46,7.46,7.46,166,20
1641826721,7.47,7.47,7.46,7.47,7.467,12,8
1641826722,7.47,7.47,7.46,7.46,7.465,10,4
1641826723,7.47,7.47,7.46,7.46,7.468,107,47
1641826724,7.47,7.47,7.46,7.46,7.466,47,20
1641826725,7.46,7.47,7.43,7.44,7.447,600,218
1641826726,7.44,7.44,7.43,7.44,7.438,189,16
1641826727,7.43,7.44,7.43,7.44,7.435,109,11
1641826728,7.44,7.45,7.43,7.45,7.439,208,63
1641826729,7.44,7.45,7.44,7.45,7.447,154,17
1641826730,7.45,7.46,7.44,7.46,7.451,88,34
1641826731,7.46,7.46,7.45,7.46,7.456,194,20
1641826732,7.46,7.46,7.45,7.45,7.453,195,29
1641826733,7.46,7.46,7.45,7.46,7.454,182,33
1641826734,7.46,7.46,7.45,7.45,7.458,59,11
1641826735,7.45,7.46,7.44,7.44,7.451,169,81
1641826736,7.44,7.46,7.44,7.45,7.446,260,68
1641826737,7.44,7.45,7.44,7.45,7.449,33,17
1641826738,7.45,7.46,7.44,7.45,7.457,185,16
1641826739,7.45,7.46,7.43,7.44,7.45,446,172
1641826740,7.45,7.46,7.44,7.45,7.448,123,31
1641826741,7.46,7.46,7.45,7.46,7.458,136,26
1641826742,7.45,7.46,7.45,7.46,7.453,18,12
1641826743,7.46,7.46,7.45,7.46,7.455,43,5
1641826744,7.45,7.47,7.45,7.47,7.459,83,41
1641826745,7.47,7.47,7.45,7.46,7.462,74,31
1641826746,7.46,7.46,7.45,7.46,7.459,51,22
1641826747,7.46,7.46,7.44,7.44,7.446,205,80
1641826748,7.44,7.45,7.43,7.45,7.442,52,18
1641826749,7.45,7.45,7.44,7.45,7.446,37,4
1641826750,7.45,7.46,7.44,7.46,7.451,53,15
1641826751,7.46,7.46,7.42,7.43,7.434,764,264
1641826752,7.43,7.43,7.42,7.43,7.43,195,25
1641826753,7.43,7.43,7.42,7.42,7.42,82,5
1641826754,7.43,7.47,7.42,7.44,7.44,169,49
1641826755,7.44,7.46,7.43,7.44,7.445,49,36
1641826756,7.45,7.45,7.43,7.44,7.439,168,44
1641826757,7.44,7.44,7.43,7.43,7.433,188,53
1641826758,7.44,7.44,7.43,7.44,7.435,60,8
1641826759,7.44,7.44,7.43,7.44,7.438,32,6
1641826760,7.44,7.44,7.43,7.44,7.439,20,11
1641826761,7.44,7.44,7.42,7.43,7.437,159,62
1641826762,7.43,7.45,7.42,7.45,7.444,291,53
1641826763,7.45,7.46,7.44,7.46,7.45,1298,28
1641826764,7.45,7.46,7.45,7.45,7.455,104,6
1641826765,7.46,7.46,7.45,7.46,7.455,13,6
1641826766,7.46,7.46,7.45,7.46,7.457,14,6
1641826767,7.46,7.46,7.45,7.45,7.45,54,5
1641826768,7.46,7.47,7.45,7.46,7.46,186,72
1641826769,7.46,7.47,7.45,7.47,7.461,265,52
1641826770,7.47,7.47,7.46,7.47,7.467,125,29
1641826771,7.46,7.47,7.46,7.47,7.469,162,19
1641826772,7.47,7.49,7.46,7.48,7.476,828,85
1641826773,7.49,7.49,7.48,7.49,7.488,123,36
1641826774,7.49,7.49,7.48,7.49,7.488,172,39
1641826775,7.49,7.49,7.48,7.49,7.484,105,17
1641826776,7.49,7.49,7.48,7.49,7.487,77,22
1641826777,7.49,7.49,7.48,7.48,7.482,289,14
1641826778,7.48,7.48,7.47,7.47,7.477,292,83
1641826779,7.47,7.48,7.47,7.47,7.476,95,12
1641826780,7.48,7.48,7.47,7.48,7.472,127,15
1641826781,7.48,7.48,7.47,7.47,7.474,92,22
1641826782,7.48,7.49,7.47,7.49,7.482,89,30
1641826783,7.48,7.49,7.48,7.49,7.489,622,27
1641826784,7.49,7.5,7.48,7.48,7.488,172,34
1641826785,7.49,7.5,7.48,7.49,7.488,184,44
1641826786,7.5,7.5,7.49,7.5,7.496,61,8
1641826787,7.5,7.5,7.49,7.5,7.498,36,14
1641826788,7.49,7.51,7.49,7.49,7.501,2010,181
1641826789,7.5,7.5,7.48,7.48,7.49,250,56
1641826790,7.49,7.49,7.48,7.48,7.485,58,7
1641826791,7.49,7.49,7.48,7.48,7.483,21,4
1641826792,7.49,7.49,7.48,7.48,7.488,34,6
1641826793,7.49,7.5,7.48,7.49,7.488,306,78
1641826794,7.5,7.5,7.49,7.49,7.49,34,10
1641826795,7.5,7.5,7.49,7.5,7.495,31,7
1641826796,7.49,7.5,7.49,7.5,7.498,67,7
1641826797,7.5,7.5,7.49,7.5,7.497,41,6
1641826798,7.49,7.5,7.49,7.5,7.494,8,4
1641826799,7.5,7.5,7.49,7.5,7.499,33,12
